1041007
1009257
1071241
1039487
1432596
2295163
1013129
26352281
1340758
26126183
19898714
25840545
1341752
1975797
1344161
25962533
3338175
1344160
1291201
1028779
1291197
25957853
1187112
1214898
1388776
26126522
1288972
1346936
3898484
25697249
1393887
1291202
1736652
26435598
2281184
3393172
2284916
26126545
26126498
6856772
2009191
26126139
25834100
26126497
1084341
2154092
2012562
26126500
1342817
3577344
3140654
1419841
1343525
1636960
10603302
1793807
2009192
1987334
10588920
1393886
6872645
1291200
1095495
1351897
2154097
1822986
3485095
5355702
2189619
1393889
1351896
4751521
1832031
1394787
2260149
3784383
25790678
1485593
1889321
3276941
3291921
5904180
2189616
1393888
3221203
1129874
1419882
21993087
3163871
10522977
3297636
10863061
3140670
6064691
1704022
3446431
1949400
3986723
3988457
24531956
26293578
1401161
2362709
20505474
2161229
2154095
1341328
2159765
26587557
25885585
6028076
3410007
1351898
1870722
2273570
1422116
1465468
6057347
10587789
1843032
2333801
1435045
3301065
1097635
3301022
3749692
3749695
1389869
1097634
1895011
3301066
1751510
1009473
2174707
1388659
2035397
2174704
1004209
3335642
3301281
1680232
1351299
1732237
2274982
