2297549
3279105
2157554
3886044
4818690
1493316
4886100
26142616
4201552
4009856
3348282
2365393
3670867
2020442
1185932
19933548
3263946
4766571
6114207
1268619
4233474
3665205
4926083
3742366
1428942
2298856
6404782
3326182
2079208
1229999
3948372
4909176
2579849
3118374
2152772
4091981
1868081
3639503
4727021
4903260
1861298
24868911
3075969
3990626
1997584
2115239
3870630
3021037
1485856
3787852
1087502
1793267
1907341
1440921
2377110
5312371
1162546
1237890
2974299
10570294
1237583
1441404
1445543
1313472
3419173
1967469
1102237
4745051
