5394309
6523997
1288844
2297549
3279105
2157554
1440223
19934344
10557282
3821157
20471302
24753137
1314262
25817190
3886044
25744600
4818690
1493316
4886100
26142616
4201552
4009856
1894206
3348282
2365393
26359327
3670867
20278578
2020442
5351808
24896848
23008807
4926708
3313897
3263946
10542579
4881989
6114207
1277926
6439419
10537875
1268619
26340963
4233474
3430960
3665205
6398078
10575920
2078680
4926083
4924293
1428942
2262838
2298856
26394924
2079208
3421275
3948372
1441403
1440449
1467740
3118374
2152772
1455616
3639503
4727021
4903260
1244410
1237849
26291332
1928289
1878625
1246807
2115239
4841570
3021037
1737592
3436963
3787852
1087502
1922035
2709105
1241266
5948757
2146224
1461638
1793267
1907341
3059484
3433034
23008818
2155045
1845594
1445543
1967469
2155415
1196206
2373551
3346766
3653121
3812313
