10546125
2297549
3279105
3590768
6038371
25863515
25723064
5348144
10746113
25752357
26268767
4736167
21338365
3040870
10549733
26436506
26274202
25867042
3821157
10792216
25795270
5362856
10546925
26598045
1921890
25856314
2308234
3567853
3549421
3924175
22793675
2228378
11874748
4719162
3132277
4886100
2994925
10733304
2052176
3354490
3348282
3176860
1232061
20451827
3729677
25910556
4076216
3329540
21866396
26640135
23123255
10426640
3897837
25763770
21263576
6758780
10812787
20390374
2020442
25878992
3039216
4886879
26369253
2209702
1869705
10542576
4881987
10793814
10482084
3007076
3082278
25733421
2345964
25733582
11610880
6710641
25942427
4926708
4312608
5402708
6011680
3313897
3012828
25986284
4143105
6585090
25767572
3094230
3329887
1481158
25972633
25767596
24316255
10432844
1799652
4827960
26433805
3260737
1474114
3794471
19933548
1472137
2984164
10417500
5372270
4766571
25910557
21372235
3332698
26241601
24697944
10956515
2137490
6805117
6393626
1268619
1440226
5992735
25844628
4914146
4199483
26462940
3343802
1943128
1898098
5290563
26106868
25711796
10813224
1942934
26635862
3042031
10733265
5402021
2152110
19965586
6545083
3678000
4099306
2337297
25814739
1229926
2028747
3870037
4820694
2032343
4924293
26077205
1171117
1355595
1428942
2298856
1765779
6011420
6990607
2175995
3687098
10580362
25854151
1229999
4183808
5319798
2208550
4286452
3421275
3948372
1984367
1173876
1138771
1870286
2705016
6854551
4909176
4725272
4791069
1776253
1958938
10793898
3086812
3887227
4117497
2579849
6837645
1922702
24246865
11534676
2382147
25945449
10797904
1839273
26331370
3617254
10494340
2372267
25868275
3413815
1772258
1937913
2152772
1862550
2123090
1949853
4196842
3016575
10569608
5397730
5263109
6041346
1099242
4861462
2063295
25839701
3526595
3639503
3360502
25911735
2340799
6533777
2208603
6688826
4312737
1583135
2054201
26599677
1101529
3075969
1968938
1873926
26583722
11632518
24807524
1440903
4251875
25964281
10756899
10570351
10813209
1438630
3084987
2118632
1230448
20438376
25773187
3765462
6397551
2208548
4838334
1438631
10540684
1998410
2123092
6521003
1691207
20135321
3771571
4225166
5290565
1878625
5951504
1422056
1246807
4746684
4189495
2128062
1265680
6039240
1552156
3208401
2287906
3182419
2227486
25774746
3351927
6432004
6025285
3128099
10746087
3120034
2071057
25756111
6732187
24855869
3436963
3586821
4727011
1775608
2160126
25844915
4004569
11530747
3063496
25859643
1443439
4316662
3077568
26305106
1865376
5502782
1315047
25750362
25909353
1191041
25735841
2287687
10586326
1797513
6977329
10557281
3220004
2208575
3008594
1087502
3207005
1922035
25857991
6352828
6688828
4141734
1230451
3446112
4143106
1230410
4224978
3870108
2084131
5386169
3686503
2083774
2121078
2368647
3054707
1780671
2249386
1461786
1436143
25837367
3265738
5394982
5040112
24706036
5436113
4711434
1504761
3738020
1177137
19955755
1927733
21761879
1777192
6860891
2324038
6429591
10747451
3840201
1152116
22994746
6981692
2379456
6895075
3082293
26230343
4705094
3044041
2261183
20442646
3685945
20509115
2337351
17458576
1819768
2180183
20172623
1911540
2159023
5372671
1159981
1830509
3033419
3675418
1237371
10483528
2122061
2146224
20474166
3683326
3215918
3246140
3095313
24718727
4818688
11601893
3253845
25924232
4903307
24669823
1767951
4925996
25769402
10528446
3758154
1056478
3291772
1472607
1824542
6892312
6428937
6873681
5383719
6801489
2338563
5292938
6535596
20476799
2029980
4318429
2084844
3726879
3864460
3290207
1230486
26184162
3244725
3688342
5415955
2419860
4156312
25850033
20471011
1808399
1143271
4901961
1970759
3245909
6919369
4237831
1216773
3059484
2367867
1812358
3158926
4014709
3327829
3800093
1096668
1104593
1819569
10517225
11229682
3598510
2338561
4007372
22704150
3229992
5504535
2146400
2578977
1223239
3191962
2981954
3380985
3740003
21357723
4265473
2970072
5419835
4111399
1478528
11018063
2154075
3433034
5987297
6880217
1241062
3102069
2349542
11227458
6862113
3005866
3649501
1914764
24672242
1230556
4735487
6862828
1868178
1799654
1937523
5388603
1416882
3790322
1769274
2980837
19933455
4143107
4937201
20430386
1847802
26281146
24529300
2193687
1432344
4820690
6010570
1859207
1237890
3590787
3891449
1434812
7153332
1778973
