6710437
1361264
1060068
2070844
6558707
1029111
1036490
2136140
21346636
6558709
1760548
6558705
26416549
6558708
3673671
6558706
3698390
3604517
3713237
1082398
2068249
1785927
6820477
3604520
6815824
3698398
3607117
3723589
3673672
6815828
6815826
25803923
1382846
26608213
6815827
3054373
1065239
1009273
1064682
6431957
2136133
1047066
2068211
1082399
1013801
3735576
1025243
1128376
1471701
1061572
2301377
1470742
20411579
1005121
1053752
2073521
1382838
1082416
1082417
2129427
4741362
1068437
1382836
1770157
5299768
1382840
1000134
1011375
1361263
1082369
1382833
1471703
6974199
1033347
26286030
5501097
3759808
1050870
5417810
20472859
6559166
1820623
1382834
25927547
1313317
3738140
20270014
1082415
1082414
25783592
23714005
2137719
1459525
1388224
1382829
1471696
1069753
19965479
3290169
2137685
1471700
6962656
1037716
1382844
1471687
5976294
3121395
1382842
1119204
24532110
19955759
1471691
1471702
4079506
3407873
20387103
1785929
6396606
2137720
22187393
1642776
3538059
2125321
1291079
2137711
1251857
1471697
20396724
25863697
20444211
1134432
1090114
2137631
1792257
5261221
24323298
1015275
2137632
1471693
1228765
3598751
1090118
26253881
26067543
1382832
1471705
25723522
24502107
1351537
1081071
3011960
1098952
3041308
3041317
1849335
1438218
1090111
1424578
3290157
3041315
1471706
3348317
1090115
6946661
25763134
1056832
3332786
2134985
1792258
1118326
5350892
1911577
1512787
1471704
3041306
1090119
3172425
25844049
3041313
6827886
1856942
2031530
1289000
1118325
2137721
1090120
1056728
3040310
1668148
10472905
1090116
2137727
3290172
1450271
3041293
2348568
2378017
3182452
3447902
5413108
2269110
2137735
2321766
1090117
3107506
10864433
1197693
3041300
3243016
1351536
3290179
1389906
1723594
1948777
2137723
3053817
3144396
1209015
2134986
2137682
1382830
1059987
3041272
26279283
3041280
3144439
2378247
1432577
2268814
1021957
4273410
2137722
3932742
3041304
3144458
4733970
3144474
3243026
10443156
1044331
2137715
3143034
1029824
10429593
25845862
3243018
2137683
2269132
6748307
3240019
1657515
3197428
3178403
10528483
1775812
5348239
1053772
2368750
7060984
19945952
10784996
1045069
1012525
1856940
2331698
3186273
2227411
1471698
3436404
3172426
3313323
3244227
2137678
1027041
3657207
20380315
3186551
1752355
1451560
5375614
1142614
1103404
3014692
3657210
4013637
10588493
3123887
6831179
3178404
4033922
3773311
1079528
6028321
4288339
3242267
3020993
3231214
6946662
1022259
3197427
4920141
4891231
3041250
6730599
3313324
1849868
1076513
2146499
4074995
3231215
20442116
3141376
1393299
5288658
