25862578
10554308
3259440
4117922
3211779
25924253
3646172
10554309
4074636
26413027
26118072
4009552
3102324
6746289
26576518
4152754
4580972
4928387
26298572
5347699
1874961
3890174
24829798
6784976
25720041
3615061
4753783
6794021
26417643
5380266
5939312
4718973
4213995
3713327
26387513
3865832
24153181
17724327
26598142
4264003
10594788
21365370
11511204
21247886
24384165
20449829
19951185
11615173
5416915
6902164
3053207
10594783
26297985
1927377
10598145
25956990
25779594
7047148
20507419
25841847
4191594
4191587
21347638
26703641
4903190
2242467
7067983
4903440
3926665
6087394
1473895
20432186
4286244
26387514
23010385
26420455
5326850
25957816
2242461
23780663
24720957
6429267
4723740
26264953
19964966
5290397
26390248
5939295
24847100
25756926
4903189
26390453
24384166
25866561
26438214
3450539
25754002
22993089
26103854
26257488
6314045
26613031
26667747
1864553
11615172
25866559
24890744
25731139
26651926
26599492
1370069
3052810
25720029
1460270
1928477
2036390
26599491
2266490
2266498
24847108
26417171
6784975
1975541
26273543
26103819
6963584
25862643
3744282
26413149
26639966
4753978
6126808
1948818
3032894
2000671
26320595
2286700
6785995
26668248
2379450
2156805
25922662
26378462
25968493
26276287
10816088
4753983
3271703
4822663
4018047
4287244
25831985
6831054
3553032
5560532
26644404
3445399
26273542
26340703
11613224
10473360
3101152
4821061
1948813
26298560
3271706
6535522
5415453
3885914
20507503
4243729
1790383
1986508
20275734
26422669
3993357
25968496
2567475
4164333
4882026
1488490
6853466
2069452
3260301
10537469
26298063
26438216
14644040
19977330
25810156
3170231
3991321
5922149
2259096
26291347
21872883
25968458
26438217
5243329
4047710
20057030
10740064
4248182
1614439
21349005
24699997
26438213
2268797
6126837
3377092
3215008
3420305
10442376
10482024
1364512
11499200
7161078
25727720
6539059
3055109
5984835
26417396
4891189
25825155
3420402
1434340
3420294
4209285
11531819
21247901
3411662
25843359
20375529
3086713
3677214
25761200
5912646
25744200
25896845
1363820
3420297
5288373
21418945
26386195
2268655
21248990
3002679
25864540
1370047
6744643
1898829
2062665
10430745
3420443
3245251
4074517
3290941
3102332
4206286
5904167
2062637
10876760
3420292
3420314
3420308
4173032
3420310
3897732
2335253
4249871
3420429
3992398
2062667
1918430
10608265
25931590
5449280
6817917
1865094
3420377
3420237
25710267
10430736
2134075
3321993
4248221
4934677
4091111
3420243
3542874
3987400
2311875
26683627
11235811
4164694
5395349
6436026
2062633
3277269
3245232
6717209
25841299
6857736
26276573
5297768
24878585
4173979
10430747
3215014
4887588
3222885
3428553
3420229
3420318
3317499
4717652
2142045
10521473
3420287
4200405
3420333
4085717
3868214
2062642
6878333
3420435
3420322
3032897
3612153
3420398
3142106
3420459
4114646
24719252
22806577
6532533
2213044
5333572
6129973
3170228
3420303
4284110
6079902
3272313
3420316
2300471
3218499
5334355
7058575
3114881
3102349
3420410
2300707
3420458
4250311
3920569
3420280
4250329
4749038
4131473
3677155
4110008
3991319
3677255
6979429
4903349
3420432
