5952488
1437973
25891771
1444900
1223845
26614208
3273876
5356342
26146992
1035517
20270670
6052834
4778447
26183848
26628226
5976521
6795816
5361568
4843911
26319527
1437687
4846032
20472534
1018360
25833051
1892409
2222424
10482362
26557144
6957796
25839107
2344105
5386360
1033273
25923591
25861889
1080750
26285423
5939058
26127411
6507262
1918220
25763706
1047205
4710402
1310112
1220789
26430576
3742938
1058804
4114636
5300082
2252637
2209663
2082044
22233895
26289103
1790553
1031857
3374558
4152112
3094686
2184895
1463494
20496324
25752046
2070807
1950180
6920054
4262114
3724665
10794605
3348764
24528199
5916004
21764541
6828601
3792826
6714990
25809012
26435269
5401757
5372542
24737829
25951837
1064298
26351080
4710736
11442509
6041690
25918085
25997311
2074773
26324128
5313541
26385621
6869079
3133917
6745580
3276681
4151190
3875750
24700134
5356341
1344535
6981379
2062167
26367710
2009068
25764531
1443869
1049337
1069138
3121161
23010110
26241603
19995876
25816218
3394930
10867037
4047782
1010010
3604670
4240395
6999545
19948593
2022330
4032621
1046665
25773138
25729298
10443197
3284690
25775846
4188027
4221596
10779411
5037451
24722744
4931702
25917736
1321787
25693207
1423583
4913068
1538996
6521415
1343063
26422166
6009051
26413170
5028585
4882155
21249031
3796490
11534096
25962893
11497522
6194593
6427971
1004554
11511934
6809106
10560264
26614226
3133930
1068868
25752974
3724987
1082397
4767452
6811406
1006920
1790188
26307531
1389954
4074665
25876499
25805027
2339932
26706781
6773606
26359113
24747249
6438500
25808939
10593882
6963869
2082036
11511943
5503854
1481542
5936548
1469212
24845741
3673676
3065729
1707741
1040096
10486873
5386925
3243758
5352814
25767509
25814913
1726684
1794803
6517443
25905864
26603011
25812830
3771081
1441533
11526780
4210249
25921244
3198885
1908467
1794978
6520484
4088758
1861834
1927799
3829573
2173025
3008767
5301484
1029983
3317555
20412043
2275167
1263494
2039320
26184887
1228350
1794979
3105407
1427761
6533152
6114192
4256998
6712209
5341466
25762319
24743350
3013475
25721762
3666539
5917293
25852452
1837520
1019833
25848497
3299179
10607680
5398882
5356192
10466454
4358392
5337231
1427465
3015440
1194965
3022364
5503547
26645200
24743328
4742962
3026673
6877604
25778563
1462851
2215673
7054747
5503855
1085724
21722944
3734619
1369512
4120388
1265832
10732777
4834886
2146336
2351866
1444770
2336338
3182996
1759470
6101339
1384345
4810784
19956305
1007625
2379916
1327701
1214619
20501314
1032961
3074772
7152900
3041622
10555484
1062146
2173410
25722397
3988841
24872433
4191841
4079599
3420059
25794737
6019675
6038968
5290399
1004538
2377124
3389933
1785162
1899255
22677138
1042836
1441106
4903295
3078944
4748801
3197819
10736312
25798049
2226350
1151137
3277407
1981207
3134396
4898559
3189696
3005081
5360866
4243143
3751736
22166520
25852266
3624637
4223244
2050659
24699051
22804388
26676834
6110122
3054780
3824275
1732060
24884783
3783246
1999516
11640171
10429638
1255443
4302055
3656946
4075837
10532574
1966318
4846015
11517067
25914825
6965478
1835901
5993316
4915696
1223821
1941492
24702641
6069110
26067317
1026265
5938222
6713920
4259287
6859776
26608258
6025839
1875197
1925471
4791051
4915656
1028853
25852268
3349216
1377769
6724527
6776718
1042424
1912457
5337240
2230921
10527127
1532519
6541344
4175480
4067788
11516876
5242164
3622196
2156316
10550144
6785425
4706843
3359219
1018543
25940398
5423906
10569244
3125837
20491990
20435744
24708171
1042831
6904801
1233609
1761065
2266318
4811947
1000488
21327369
1503947
5944980
3112747
26661766
1256236
1798140
1223264
1384851
10564910
25821459
3726912
4831653
6116612
1431877
6868276
5350218
4846970
4179185
1546592
25887504
1436228
1875203
3035358
21727810
10741920
10806950
1219270
11614289
6313438
22991774
1219829
24845177
1332775
25752980
6313402
20444592
25757349
10521356
1683963
10483277
1147878
5068039
4046268
5366043
1881099
24721229
4174054
2888153
6307333
25960972
4159090
5264780
24542163
6999884
4167951
24873830
3810835
6839906
4252865
24750740
3051711
1020421
1507839
1073618
10435636
10586432
1431519
4068395
1443118
3246943
1277872
1345593
6012785
2329905
5269359
10549377
5248385
20492531
1384108
1223823
4073606
1492114
3684965
10528317
3093510
