7163250
10471333
1041482
1003479
26598484
26694664
1046492
25750468
3239549
25912076
20424526
26603137
1269182
1873231
23779370
1858410
26334500
4903692
1981042
1063540
11229072
19920715
10797092
3079029
1212199
1476213
1675478
24851460
3707886
25938605
2142687
26274949
2376486
1015699
25760457
10434849
26585046
26593679
1077847
3674537
1792668
10740958
5399227
1949338
1025723
26349445
26583162
4229282
1062991
3289274
2052448
1424420
20473505
26707594
10472702
20389202
25844017
1836555
1037060
1050929
2029680
5922204
10758290
1076685
1476218
2253642
2032141
2747765
26305373
5288371
25935941
1006560
3009821
1463256
2363834
26269634
3626924
1030503
26607789
1422105
3274113
11636077
26602453
1139065
1076378
26700397
25870991
1000280
26419408
5988185
10796986
26392466
1982427
1060025
3224929
3411679
26422141
26504629
25844774
6797768
25790421
1485628
2133254
5505258
1107841
1224279
1427402
1752349
26589025
4243276
26430798
26368070
1069724
2140283
26612973
2118743
6533042
1027725
1315258
2059098
10436418
24316409
26655980
6980818
1012929
26042406
6004630
1805764
1191433
5906321
5372471
1055304
26604925
5502440
1056164
1014763
6119800
26377063
5393687
3391717
3206771
26368072
4240739
1438562
25903866
1034470
2002025
1051231
24530428
26022213
21405316
26597918
26271595
10739718
10575976
2567326
10539901
3189451
1926289
3580750
1829836
25849160
4322040
1042070
5906312
1789618
10772737
4218731
1893879
26298766
1425075
1427825
6895949
20428304
24705266
6860955
1025931
3787085
2191536
25864000
1009529
25756932
1480858
26411400
1050175
23780846
3746915
6311230
24522663
26476950
2282706
25788989
1450065
3289272
24371383
24838223
4767483
1491537
10597973
3522118
1012561
1082361
1446959
1016864
4146127
4320843
6100919
1039126
25751114
3620169
1185908
6984992
2042907
26600157
25850080
5299274
25709076
1055347
3932085
1008094
10807797
25918704
26315615
26357810
25978734
1057653
24522666
1439260
4827310
25969313
2713409
24863358
26386378
3901238
4236917
3525645
3432401
3097796
5253759
1025547
10825612
10426968
26290480
5277994
24829939
6798784
25819260
3131523
1314467
26184836
5356231
1062455
11519297
20440053
6856131
1427450
3071976
1394907
1016595
25867690
1132689
25891574
1044979
20282877
6750187
3665980
1023084
25778846
1017423
11620326
1207500
1796672
2008436
3117247
26285326
1064223
1278703
26467045
25980792
1772151
1834541
25662880
3880774
25902867
1025576
1418650
24834615
2081349
1531569
25926547
1740073
7000811
1022232
6798785
2128063
1253538
3640150
1291355
6790302
3104580
6854982
1057843
3132641
1270509
1374626
1506961
26417930
2245468
5392437
10452103
6810086
3923369
25828759
25785039
2373834
25930095
2305131
1022938
1425067
25828065
1277267
7058037
16636512
1290266
4838107
5253517
1334117
1024666
6999547
1076013
4248275
1023322
1043416
25893465
24858161
2052475
1440432
25904820
24863350
6090958
25660928
10439652
5254242
4830261
1382324
1017795
2255277
1427278
21452652
6060491
2044763
1427476
25837958
5343931
1034847
3824491
6015870
5416832
1337448
1029197
21323619
4210829
1009640
25816059
1072260
4173725
3181961
1782150
1015952
11232882
1957796
1899764
26355703
4822144
3518433
1047001
1097745
25708362
1028805
1289849
2347492
1289247
2173528
10791843
20516438
26640951
4162705
6894467
2138608
25853222
25788139
1794583
26136469
3875719
1064387
2284985
26377294
3219109
1825043
1071931
5917239
1959134
20366533
2057348
3094349
24859453
1044347
26285254
1434309
26714717
1951495
2298352
6791427
1014192
1172077
6313277
10483002
1072295
3669748
10482770
1776851
20516442
2419991
3435830
1775389
1427514
3423098
3127122
1180952
25840005
1427297
1030526
1065335
1082165
1020009
25840000
1005047
3794107
23780845
26617662
1013253
1006419
10604641
1446867
26307733
2136303
1034653
3662567
1921420
20513038
10454489
20516973
1060104
1034248
20473479
1232523
1061155
1437607
1400710
4086800
1559571
3833335
2040853
24740556
1051749
10532831
10506693
1283178
1001953
1845499
25747865
5906099
1446869
2261243
1320347
25801300
4901554
6440640
4882116
1488497
1125026
20556208
1253638
20399472
20481426
10786646
4874140
2173201
25986743
4894982
10557530
25806559
11632503
25787043
1460596
3537575
10539156
26235442
4933054
1041893
4139460
26584021
1011290
3865924
1321897
1005885
1823751
25815585
4175453
25834602
