26672441
2567698
4913064
26700808
3066477
26685539
5363767
26582558
20427187
7163250
1008145
6710437
10517238
1007305
26278687
26669243
25747921
26291984
4242172
20440644
1023045
3995526
1082154
1200840
25809269
1041482
4238362
1054685
1795079
22714154
25984204
26647727
26647742
1057244
3410718
26309691
26672581
1061118
26575812
26648238
26659419
3369793
11614503
6518605
26672748
1003479
26665789
1088581
1253310
1082334
1046492
1060852
26272073
11589032
10564071
23008971
24754316
1089243
1090043
1882933
5337248
26303224
1029791
3071717
3813669
4124727
1948901
4207781
6880158
3239549
2326571
26657573
25961455
1003284
6388661
3057333
26696624
3610681
4842446
26265745
1003000
19958089
11601199
10607793
1489555
26686936
26650970
1084165
26413835
1022060
10757940
26710671
1873231
1085799
1203426
26662811
25873686
5910656
1059336
25920202
1254588
1767945
1255625
1082406
4760224
26710670
1449351
1858410
1361264
3633461
26584734
1855364
5275059
1060068
1192090
26677405
19940743
3284547
26284529
10569855
5317075
4903692
6431994
1692648
1981042
1200842
25981277
1789837
26599283
26359758
25882276
5990251
11612936
11229072
26639133
26578003
1061803
26341367
1082349
1926103
26613061
25846182
6397275
3079029
25778837
26461519
1916726
1322455
26371292
26261240
26628022
19963470
2244146
26427189
26576515
10522856
1147193
1212199
21360827
1760432
1082138
1675478
1050339
20463108
1461903
21617765
1209899
26613724
4884218
3311253
26628814
1014278
25829434
1483894
26578484
1255624
3803820
1883245
1963684
3448867
26679240
6953273
25757313
1080309
3017857
1456692
3339812
1069848
1002299
1012401
5916880
3344676
26363718
5337254
25753361
3879026
1020961
4113090
24380577
2373242
1964774
2083981
1449352
1015699
3183775
1418686
24540864
4086927
1034067
26610864
1019568
25884890
1005358
1938591
1059258
10559304
26596713
3389984
26451439
26667778
26663951
4799445
1043815
25731506
1078250
4843155
1016300
25928708
1054917
26689989
1143694
1789841
26210607
1317899
4729583
24529235
26673941
25897707
4231381
1949679
1401425
26710589
2022979
1077847
1321017
2240482
1227844
1088711
4166819
3674537
25963518
1792668
26301984
3598313
24745649
5337243
3432304
4737329
5399227
1949420
26644827
5040220
1949338
3642673
26052898
26609056
25818124
26281730
1025723
1830445
1021273
6861664
4882133
1924318
1391191
25744944
1559310
2057285
22163516
3616310
24882288
4773224
1465007
1053088
2070844
10607710
26325605
25913612
1014561
4238144
2298149
20425053
26670558
1883991
11588848
25639223
1165173
4881850
25957554
1062991
2149655
1066462
1020459
1061242
3012517
3901880
1088065
3289274
26434548
25759355
26581961
26333998
25764295
1426971
19982767
26533494
2209098
1763806
3266344
2303588
3523041
3018339
4874131
26598482
20280677
26653757
3740431
1398395
2052448
26634817
26289739
3800166
4173968
10472702
20433554
4714734
1059406
6434543
20389202
1124305
1026425
3010133
6557925
2294993
3297888
26594509
1040466
2005705
1836555
3719342
5269439
1037060
1014578
3007268
1491153
6558707
6974232
1286547
25898124
26393180
1442720
1017238
2029680
26583471
3034184
6719658
4315361
1050465
5922204
1076685
1025753
3544376
3191322
1529893
3266609
1029553
26413330
1034329
5254315
1398441
24862876
2046236
4886245
5975571
26409799
20472730
1043485
25929667
2253642
3410709
26280494
1351678
5327690
1049219
1058679
3662594
25913058
20382491
26309861
2331434
2032141
2747765
4169424
25870310
2340300
4212607
24324704
1073349
26305373
2256039
25825717
21242062
25935941
3194071
6085181
1791664
5366941
11520757
1626883
21458706
5686369
3009821
2265312
1453210
1052990
1463256
23795254
2079345
2363834
4872671
4132801
5904212
25945487
1003986
11501640
1029111
25852518
1033825
1007196
26702424
20441957
7064313
6742586
6974102
25808222
1264104
25696089
1485597
3182023
4912688
10767124
1006884
1082150
11528339
1849409
20278799
1492634
25977110
3191328
25871694
3880832
19995918
1933931
1130367
2062200
11524204
1013416
1023000
3626924
25762598
6902639
20501270
3265177
25735727
4115698
26595964
1422105
3274113
26372408
1082407
1485495
25775069
26599743
10537640
25811785
4809777
26368561
1088022
3013624
2337600
26561444
1044547
25786283
26384375
1460313
25870998
1041616
1082522
4832553
1076654
3067169
26325635
10464337
1911687
10757938
26210632
6977651
1036490
24527845
3843961
