26657740
26657701
26354440
26431326
26298832
26602467
20441569
26591790
26376049
26427189
2180619
3537590
26612656
26667196
3090810
19977771
26433353
25890145
21329239
25810430
1125731
3206270
1000531
6797768
1042434
24722098
2140283
26586326
1042928
10583781
26663098
1396491
26611925
10435653
25900687
2282097
26577705
3610090
1552067
6440022
26657350
2254615
1007313
26582466
25795767
26426511
25885817
4075203
6724865
26613940
6798784
6742607
6745115
20440053
26646483
3880774
26293794
25871639
4189598
2229229
6798785
26594136
5033915
1025217
2245468
25751980
7058037
6854919
26582467
1322401
6999547
25795816
1270508
26435048
26684341
10741325
24396667
3824491
24869701
26593737
26253243
4152770
5376976
4224723
1467776
24550625
26264973
20412218
4827423
25723401
1530882
4063155
1780277
25791940
26652938
1450049
4104794
3418938
1012268
26435042
1041893
5349406
26608445
26451531
5922151
26612175
26582109
4219120
6788196
26435047
26575912
1214078
1963579
1069507
26378094
25763658
1919879
1201259
3529625
1089662
1312942
4711072
4067659
26325343
26289614
25982110
1538532
5447429
3150203
2188017
1006732
26293216
22741515
24871667
26308765
2758522
1679427
3024665
1980834
26575906
3397116
3035211
5936256
1007918
4753689
1038241
1702664
6744666
4214003
1283292
1051314
4191879
19971138
4934765
6821265
4145391
5989231
2337526
1439509
1889166
4038653
6920283
1886273
1058094
26598329
26476909
1864292
24845288
1264559
2050776
1281180
3575882
2020973
21263656
24695948
26425191
5299857
26369400
4903219
25761048
1317858
2210591
5264480
26724296
4836821
2281786
26449219
6783954
6900434
3633809
2156890
11531722
2137736
1690499
1826198
1019945
1227902
4173398
10789137
24851444
1475583
4097167
5326853
26609559
26692631
26582461
3664005
1841628
1469400
20435902
26647868
24745626
3023514
3271909
25846881
2023303
1426482
1898229
3114172
25790419
24527472
5380385
6848987
26394497
2047854
26394509
1317861
2058587
1085168
3149816
1562802
3156049
25845259
1761133
26388038
3398073
6535816
26394511
26278718
26600365
5355500
26339094
2297005
7060213
25983739
1769992
6151925
6012778
1780173
4882046
20481425
26390172
3404871
3275016
2146204
26692613
1432045
22606931
6793917
1083265
1951011
1434471
5327987
2269445
26629399
6777734
26692600
20365862
6390078
2170091
26578694
1119635
3309340
1976072
2005566
1860524
1418345
16146169
2331116
5406398
2367967
4208024
1732246
1768892
25718213
1843305
25703706
1016329
3228470
3598390
11540911
10518802
1358352
1313421
20444987
25732175
26411827
1016454
2967922
3134542
4208659
25847293
4162721
10594804
26667893
21263655
1320971
1770271
1815468
23709956
4850504
20397030
25855959
25743736
3882007
1067229
26717695
3219205
2160115
1417781
5407560
26576301
3676786
1694151
26413771
2069650
2337483
26295466
4864367
26579664
2343045
26602899
5326323
6313251
1014107
1068980
7153413
24882706
25966878
26369112
3227020
26387803
10484660
26370029
26692614
2337485
1826176
3449736
25968143
3200737
10601533
19964281
3177616
2183857
26390925
2216345
26348593
4615788
26593094
1421311
24855142
24741565
6307568
2335376
1436076
1913303
4736650
6393554
26297339
3660149
3283630
1958141
1440246
1409381
20505732
25804639
2701313
26286860
5291316
1033071
1943940
1100140
6762965
25771895
1185839
1317916
25865673
10587458
5318879
4177153
6451549
3371237
1975142
26368754
3336952
1393269
1040641
25760709
1170854
1987958
4861161
1420490
1737320
3300769
7045646
21347632
1317929
26271247
26449422
3651090
5263671
22994269
2176119
1023119
10508924
26311206
1427451
24705776
4310599
3196793
3241978
1490631
3419882
1420931
3434743
3149831
25805746
3909892
25843885
25838973
1678831
10554320
20284918
1276283
26640501
25779226
24855184
2043893
10563199
1392437
26263545
4903096
1227671
2063258
1453623
2046828
6862163
6386365
10770529
3157873
1084607
1059588
2568280
10345574
26263544
24885525
4006945
3217601
1010251
5974576
24882079
1885360
25909800
1683676
1265258
1048353
26598392
3767989
10811150
3591511
1871551
20506307
1313423
4845025
10549874
1059473
1224884
3732567
12276685
1773944
6709767
1401851
2568908
26635930
1032801
4749430
22601821
1842265
20371005
1867075
1145077
2332766
1145074
1943535
23038611
3772617
1017570
4919311
1327421
3287536
4746569
23038645
6432697
1054088
2114451
1810540
3666293
3091416
3705794
4861524
