26306686
26658379
26582822
26297606
26275177
5375620
6709783
25902942
26324497
6798611
26608585
26665230
10750155
3323633
6021440
26541801
10945606
5989373
26697007
5914587
26314955
20429677
26362040
3288908
10828002
26682111
25942507
5394309
4243770
26702493
25752043
26585057
5421787
3900987
6965746
24738302
26163454
6523997
4606471
5320866
25902222
6718487
10546125
6855803
26598926
24753651
1288844
1827702
25908079
26400900
1919072
26596778
2297549
5379664
4723970
26586799
26611940
10484709
26220798
5372651
3320425
25871778
25915629
1867642
25928983
25975454
26575141
11516567
3279105
26388427
1102259
25876611
5257905
26308014
25800616
3590768
25804890
25742296
26308917
7007666
6038371
5387402
24541955
26630833
25863515
20505765
26278639
26651382
26272662
25909355
26688084
25807982
1088054
2157554
4010196
5269192
25890247
25724107
10484692
25846075
25813579
25723064
25724948
25723658
24714655
1595292
3816827
25986746
25745691
26643780
5348144
23708491
25857804
25823036
1059824
11589951
26642302
10746113
25965995
5997269
6792322
1440223
26313852
26008422
25924608
25849758
4736118
25752357
25953932
25717380
10588021
26589080
2222424
10799984
26685458
25848953
4822145
26315800
26656350
3932520
25808226
19934344
4866934
25732463
25826578
26709089
26646553
6885949
26697074
1834728
24872278
4736167
5302113
2230248
26435017
10557282
6434328
4894684
22229485
26663519
21338365
11599407
25881855
3040870
25766700
25768396
26462816
5376384
25867042
4837351
26386566
26611892
26393046
26658944
26431332
3821157
26268552
26273310
25958751
5313010
26279954
26697460
4163938
25795270
20492093
3735295
20471302
3889178
25768304
26284865
25852784
20453004
4246667
25886309
7054652
1318427
26164637
24530336
26022186
10546925
24737674
25843241
26430818
26320379
26593127
1473323
25761063
10769749
26236449
3169342
25884108
6779576
24862722
26598045
3794450
6860890
25786645
24305938
19977078
24869617
24335672
26324886
26253507
1179807
26410894
5338024
26424608
25856314
1089508
6999354
25894685
1159373
1085646
3184666
2308234
25943598
25747269
1104943
25956450
25925957
25862775
26318341
26465430
5362909
20365163
10797189
25790070
26703500
6439420
24845545
6864391
24753137
1314262
25817190
26655503
3350931
26393438
26349459
6862062
26644961
11632326
3886044
26344853
3567853
19940741
1176933
26422298
25850087
3549421
25742200
26369667
26599526
3924175
26648171
6414998
10432364
25712496
26698126
21326266
6522893
26387551
4124834
25796556
25866380
22793675
6750510
25927950
1963140
2228378
1789444
26644275
7006719
5914791
6933056
20497858
2305237
24746415
2005474
20471120
26584041
25744600
1391207
3420144
4719162
3132277
4743056
4818690
6718052
26383733
25925083
26698812
25764520
24738300
6024020
26386850
19962787
25842420
4882102
24744410
2149971
1493316
10580810
25879027
26275075
25662138
4886100
25742292
20388034
2994925
3795574
26142616
26464679
24875857
10785377
1026593
4058336
3142280
26710165
5252170
25702395
4789228
25908095
20373356
4201552
24749903
4009856
26594029
25746680
25861795
26360716
26355331
6307924
21792530
1894206
10733304
25842108
25879618
2052176
1483021
25954934
3319935
3348282
1797269
4241826
3176860
19952397
24869618
26177913
3837306
2365393
21477429
1011731
24536403
25728189
1801050
25817261
26248487
4308069
26365288
25975485
26263689
26371405
1205456
24739213
10550576
3929678
26357116
24538225
20451827
11530748
26348488
21632268
25912257
1058634
21966324
4848587
26371123
1087767
2144413
5985030
25984046
25956628
1139356
24715620
26293733
26582553
20381558
3729677
26361207
25910556
25854872
24841121
4076216
26107892
25800026
26359327
24844993
25830400
25926823
26709062
5904151
26324467
25820714
26348884
3329540
6723066
1392475
26340695
20373428
10047423
5269219
24749380
3022779
23123255
10426640
6790599
25763770
25854698
26638316
3396111
26430585
3948354
6799555
25743457
21263576
6758780
26643784
11594351
3919668
6526452
10812787
3670867
26296578
10545193
20390374
20278578
2020442
25833225
25743117
1014964
25815588
24737847
25924605
24748670
3668161
25975442
10344930
5351808
21372237
3267945
3191237
3039216
4886879
20281463
6510686
26276717
26356045
5977133
19934150
10769712
2209702
24896848
1463225
20560942
10769591
1869705
25918014
3390446
26341966
20507211
26102860
20505468
24740308
26301286
26361762
6129181
25781918
6790578
1921729
1435554
3744558
6838110
1495763
21966356
4881987
1843100
10793814
10482084
4304206
10789820
