5394309
6523997
25915629
3279105
2157554
23708491
6792322
19934344
10557282
3821157
5313010
20471302
25932290
6439420
6864391
24753137
1916758
4818690
1493316
4201552
25746680
1894206
25842108
2365393
25817261
1392475
3670867
20278578
2020442
10465946
6965435
3143256
25882647
20452058
2043236
1185932
1474114
10540744
3263946
10542579
4881989
6114207
25794720
1268619
24325849
5271603
1901208
3665205
26378009
6517501
1229926
6004474
3742366
1428942
5416997
2262838
2278644
3326182
2079208
3948372
1138771
4223580
25928776
3414987
25866560
1437443
1440449
1478928
4037608
4101914
1455616
6726962
1868081
3639503
1861298
6781677
1463950
3083692
1876196
1237849
4254166
3482862
19961110
10427877
5449262
3182082
6013405
1878625
2115239
6796583
3021037
1690890
1754842
7013132
26278182
1087502
1159662
25773225
1241266
3257711
5960812
4915771
1844685
1895451
6005156
6875294
21992398
26268840
3092423
1793267
2258487
6701607
1440921
2998873
4817741
3710133
1237890
3238350
6780956
1809242
11608826
2286445
25964379
1313472
2877650
5382710
1946247
1737363
1872483
1967469
2128980
2155415
2814373
3661766
3634201
2181441
1447318
7906785
