1941558
3323633
26697007
4230237
5914587
5394309
6523997
4606471
1288844
1827702
2238320
2297549
4723970
25915629
3279105
26647363
20505765
26102860
2157554
5323008
19912141
23708491
6718283
26642302
6792322
1440223
26313852
4837333
4736118
25808226
19934344
25732463
2348880
1365318
26296679
10557282
21338365
1316642
4727293
3040870
4165856
5376384
3821157
25795270
20471302
6522698
3169342
25927569
1340897
7067149
25786645
24869617
26424608
25932290
6439420
6864391
24753137
1314262
25817190
3886044
24719002
10561367
21983611
6750510
25760272
25716088
25744600
4743056
4818690
6024020
3265691
3988148
1493316
26712707
4886100
1861189
3675797
26142616
5397784
20373356
4201552
1491830
4009856
4411193
26594029
25746680
3854718
20413922
1894206
25842108
2052176
25954934
3348282
24869618
2365393
25817261
26248487
4308069
3171969
10550576
26591499
2144413
1139356
20381558
4076216
3545625
26281082
26359327
25830400
26324467
1392475
26386615
21263576
11594351
3919668
24297988
3670867
4845129
20278578
2020442
10465946
5351808
26430405
1143222
3039216
20281463
24896848
10769591
25918014
26341966
1921729
6838110
3143256
23008807
11610880
6710641
25882647
21348543
12890824
4926708
25846777
26340381
3336895
3313897
2043236
1185932
6963078
5290566
3154020
6585090
21981230
26345173
25847187
25767572
26318425
11228565
2051004
25943583
11445674
4827960
25926310
23058339
26433805
25764505
3260737
1474114
1450876
10540744
7014933
1472137
3263946
10542579
10530232
25858031
4881989
26035304
1437888
6872932
4766571
5263559
26241601
21965490
1356949
5308684
1830172
24697944
6114207
26377178
1277926
4243771
6439419
25885293
3264684
2129306
5431185
10537875
6429635
11526046
25794720
6393626
1268619
25895840
26340963
24325849
4914146
25848924
25983558
25861848
25741532
1444838
3343802
24924613
3413615
5290563
4282585
24875583
4233474
3430960
26429947
3879806
1958122
4442575
10464036
26640058
26647794
25769136
3042031
4004817
25902268
1465328
26128084
25789530
17458557
5271603
1901208
10488177
26337024
10794787
3817241
25838708
4935260
3665205
26378009
26011326
25887461
6398078
24720342
10575920
6517501
6439835
1229926
6004474
26363946
3786934
4926083
4820694
3712207
4924293
3742366
4135234
1428942
5416997
4822958
10829320
2262838
10779515
2298856
3661214
1765779
1905358
6404782
6990607
20275952
26330959
2175995
2278644
3326182
2079208
20516991
4885215
1229999
1867943
25831590
5319798
3421275
3948372
21371288
1138771
1459059
3896073
4909176
4223580
26646245
1441403
25928776
6394960
3414987
25866560
10510748
3271887
1437443
1448291
6864501
2579849
1440449
1467740
2008922
4020885
5434237
1478928
3118374
4817117
22704159
4037608
10599300
25741413
2372267
4101914
1937913
5241127
2152772
1344178
4776049
10787778
20474162
1455616
1481496
24858505
3004055
4091981
6041346
3168355
1868081
1481855
1982183
2584572
3639503
2980860
1484389
22230799
2984900
4727021
10463085
4189161
4903260
1861298
6781677
3685031
1463950
25769796
26274213
24868911
1101529
4227522
3075969
21336456
1908422
1968938
7070508
1876196
6039354
1244410
25962183
3815834
1752022
1237849
26282577
4030786
20022383
3597463
25736594
2184961
4287111
1440903
5386045
4254166
7962676
26415203
3482862
10813209
3746065
19961110
7925140
3792134
25895173
6972719
1920714
6530187
5386062
26291332
10427877
10567969
5339568
25867671
3990626
1998410
6435579
2335440
1031796
2272093
2302747
5449262
3182082
26414557
24828264
4016085
6005853
3734828
25756724
6521003
1997584
6783748
25751912
6013405
4934629
3052851
25871898
1928289
2022808
1878625
2846680
5951504
4813693
1246807
2115239
1859829
4841570
10730011
25800426
3208401
24851884
3021037
4741480
26350879
1690890
5362163
3128099
25835233
2050858
10575969
1737592
2306849
6801744
23493836
6727454
3436963
26418698
6556297
10435874
2584465
4256118
1754842
20423598
1485856
3063496
1817085
1421962
4125520
3776720
24845692
25843904
4726062
20559884
6118040
5283482
7052098
6512489
3787852
2208575
24523385
1087502
25833190
4125086
4854793
1922035
4141734
2382100
3109564
1849446
5386169
5997521
2709105
25697491
11613711
10607866
25873119
25773225
1669595
2364721
11510723
1241266
11543181
1801393
24303557
1459599
11528906
3257711
5948757
2379456
25719630
24872080
5960812
1768689
6892334
1222254
4149124
5945545
1823801
1504286
2017917
