2022979
2230208
1470158
1046172
2115040
2284090
1051797
1030153
1957045
1613372
1892491
1470159
1484300
1330009
1322328
3073494
1361268
3439437
1322066
1456597
1499758
1004956
5408255
10442281
1322342
1122285
1322158
1010362
1002895
3439439
11640543
2105526
1499775
2244170
1897413
1361258
1016057
1996037
1786649
1016053
1322248
1484244
3073492
1014456
1499759
2022979
2230208
1470158
1046172
2115040
2284090
1051797
1030153
1957045
1613372
1892491
1470159
1484300
1330009
1322328
2022979
2230208
1470158
1046172
2115040
2284090
1051797
1030153
1957045
1613372
1892491
1470159
1484300
1330009
1322328
2022979
2230208
1470158
1046172
2115040
2284090
1051797
1030153
1957045
1613372
1892491
1470159
1484300
1330009
1322328
2022979
2230208
1470158
1046172
2115040
2284090
1051797
1030153
1957045
1613372
1892491
1470159
1484300
1330009
1322328
2022979
2230208
1470158
1046172
2115040
2284090
1051797
1030153
1957045
1613372
1892491
1470159
1484300
1330009
1322328
2022979
2230208
1470158
1046172
2115040
2284090
1051797
1030153
1957045
1613372
1892491
1470159
1484300
1330009
1322328
2022979
2230208
1470158
1046172
2115040
2284090
1051797
1030153
1957045
1613372
1892491
1470159
1484300
1330009
1322328
2022979
2230208
1470158
1046172
2115040
2284090
1051797
1030153
1957045
1613372
1892491
1470159
1484300
1330009
1322328
2022979
2230208
1470158
1046172
2115040
2284090
1051797
1030153
1957045
1613372
1892491
1470159
1484300
1330009
1322328
2022979
2230208
1470158
1046172
2115040
2284090
1051797
1030153
1957045
1613372
1892491
1470159
1484300
1330009
1322328
6742729
1763330
1989686
25969860
1988877
3802287
1484292
4176802
1989353
1908334
1382837
1412919
4328951
1988871
2330759
3085855
1055183
1993745
6862311
24089610
1988926
1484302
3153428
1484283
1499772
1484322
1521535
1823875
1017713
26307521
1956299
2016479
1950572
6977801
1016063
1418948
1361490
1484304
1988913
1952518
1989364
6991333
24875883
25933229
2218214
2331666
24706061
1988927
1989623
24525394
25867018
25706797
1988905
1860129
1520129
21356557
10463023
1993800
6844802
1993737
3405814
1988888
1876101
1989673
26260209
1532639
1484309
1422144
1498616
1055187
1361259
4328949
1989355
3172310
26308374
2331679
1988907
4013744
4915878
1823874
2334911
1499773
1988923
3646818
1993755
3330182
1993751
3131163
1989069
3405811
25908782
1989067
26431060
1989602
26431077
1988903
1016056
1362543
1371571
1989667
3628618
1922723
25752391
1989671
1989675
1989683
1993764
5948958
1414814
5363891
1499768
1030164
1458748
1989685
6711900
1948401
1988899
1951295
1988876
1988981
1358449
1993752
6440823
6862726
1988936
1989682
6440822
1988894
1993738
4013717
1988925
1988898
1993757
1484227
1484233
1989068
1989367
1963471
1966572
1993763
1473193
1989018
1418951
1414815
1993735
1989043
25857669
1098895
1433958
1417361
1847605
4328952
1116186
1390007
3789888
1988885
1989664
1418944
1989368
26590845
1993774
1361469
1989677
1989363
1989601
1784630
1989624
1989348
1989666
25967878
1988910
1862081
1993734
3569942
1989537
1484286
1993761
1989352
1988886
11511016
25919462
1989665
1988889
1993736
1989668
1362454
1989670
1989635
1473187
1989354
1989603
26590923
2129909
1989622
1949319
1362978
1421568
1988922
3243032
1989620
4286169
20259381
4000108
1993776
1989016
2148694
25783411
1989468
1989543
1484315
20259380
4013770
1473192
1989676
3026039
3191365
1989062
2075958
1989444
26590919
1988904
1988882
2330772
1422142
1470242
1988901
1989625
1847635
3102373
2130985
1989017
4038519
1756887
1529101
1988908
1362455
1483657
1989063
1484295
1499779
1993746
4013732
1361593
1989669
20516464
1957954
1988872
4013781
4013723
4013777
1986194
4738612
25807852
2331693
3215343
4013746
1988879
5402786
4013748
1361440
1989661
4013773
1988883
4328953
1989663
1989687
1989365
4013757
4013705
1449798
1993775
1989349
1989629
1989662
1989681
1993756
1361857
26590926
26308401
1418950
1087063
1993739
1988881
1989626
1877850
1989627
1993766
1989443
1989674
2039410
1989628
1989621
1993767
1993750
1993762
1989680
1433021
1993742
1362492
11511017
1989072
2119425
1989369
2255442
1989678
1989679
1993753
1449797
1874392
1961749
1877848
2334984
1563903
1362715
1993743
