25985021
20440644
26275177
26708306
3410718
1813841
1253310
26652242
26687647
26695223
20507206
6712255
25902942
1022238
1003284
26413835
1393447
1083762
2326403
1071227
26584286
10569855
26354318
26682087
26679036
1212199
3339812
6712407
1015699
1034067
10540815
26596713
25845647
3389984
25752592
1025643
4729583
1949679
1068912
5410174
10740958
2258034
4238162
26581246
26596363
1033248
26235729
6079823
2101774
26431215
26411600
7055441
6557925
2294993
1040466
1050929
4315361
5922204
1010204
1315199
1035517
1398441
4131380
4818177
1014825
26388428
6892579
2747765
4212607
1006560
26704403
11541213
1225977
1003986
1070711
1005325
4082434
26369891
3833024
1492634
1023000
25836269
25908552
1201620
26715901
24527462
24736494
1041616
3067169
1430657
26716484
26433665
26607254
2156168
26685167
1227966
2216583
5401989
1054760
10553189
3431988
25762288
26351113
26657740
4241023
2567698
26652812
25758414
26529262
1027247
26382879
25871638
2010284
4913064
2568067
25804649
3333989
26276775
26577765
26394204
1013369
26354176
1315213
3222065
6780545
2139305
26264154
1084336
2988943
26295448
1905742
4820710
5363767
26614139
1025001
26707295
26606366
6559347
7163250
7161523
1858513
10471333
2143304
2274697
1777823
26295983
10567171
3162991
2987179
1491239
25986624
26641665
1181690
1888215
1784790
1005915
25878913
1002690
1880825
2257188
1012611
4242172
26314627
4199761
1054889
25942069
26671867
6781486
3035593
25826578
3689168
1775691
3905366
26314954
26607924
25819935
4908885
25886351
26657701
26394018
26270390
1288913
3270617
6436972
25163000
22229354
1418648
26354440
1041482
1054685
3669671
1795079
1310228
1829836
21329758
25951868
3131814
25884880
26284686
1291204
2052596
2969420
1042070
26431326
26593670
25919591
26292964
4189980
5366248
1053174
26418475
26150549
3836566
1001204
1017143
24875976
2035162
2984241
1979199
5375620
3026879
26373145
6060527
25986748
4920007
3608208
2122352
3701456
4796752
26296352
1427825
26677905
1034282
3930318
2284311
5415644
1292409
1012379
26127411
4154985
26363926
26268552
1963395
1467022
10588835
24839756
1783098
1050175
25849701
25804641
26672748
26308505
1003479
26598484
26665789
1041366
1039079
6826619
6709783
25845900
10568017
25859093
6511362
24371383
26694664
26646456
1062343
25805781
11445548
2035171
1462854
1082334
1046492
25718753
26390842
2341866
25746578
3261600
10564071
26612919
6789605
1045818
1965025
1058804
26341546
10583099
2049128
2253381
1809130
20441938
2061863
20500583
10785583
10829270
6509886
6811366
1856494
3427162
5337248
25902031
2053303
3406401
7155000
25750468
1024785
2213463
4114636
3057556
6015822
26298832
4124727
22062214
2375972
2043926
1020241
3525645
1865089
1441255
1097396
26369862
25891318
26278816
26679862
1102715
1261560
6880158
26435040
3239549
3267519
26292998
2326571
11601201
26413154
10555509
6534870
26602467
25883305
26680436
1008732
1027191
25912076
26645276
25819260
20424526
26425892
1079838
26580056
3146377
26584746
4842446
26365770
26603137
26265745
1269182
1320282
1431870
1003000
6856131
2340100
6152040
3722967
1292405
1315187
25804642
26650970
1072189
4241783
26292057
26617174
6781794
20441569
6425061
2224566
20537674
3899039
1873231
26678725
26686006
3924546
26276743
1085799
2348135
1489494
26591790
1024810
26594676
1796672
1059336
1547329
1013058
2156302
3260902
23779370
10549934
1255625
20492550
1987453
26707803
25961458
4760224
6539859
3151575
6725981
1225983
2278535
20515828
1040771
25777432
1858410
3392046
25952961
26376049
5989373
1315190
2286854
1063736
19940743
2185235
25981426
1004821
25848747
26334500
3447140
4903692
1083433
10512506
6431994
1000213
10512236
1981042
26286738
1200842
25782902
3228779
3465962
1858568
1291355
1789837
26457056
1922216
21267489
26303513
26599283
1063540
26617142
25882276
26686622
1493523
1442239
6434486
1038703
1008093
5990251
26022684
11612936
11229072
3117249
26320417
25970429
26392829
25891321
6735944
19920715
3215660
2245468
26581737
10797092
1144185
1082694
1136881
26613061
25846182
3079029
2060491
1077528
1322455
26261240
19956258
2244146
26427189
26576515
1277981
2984324
1418058
1147193
3931106
1476213
1675478
1012221
1069576
1400030
1050339
1005492
26593192
1444025
2283920
1468426
1023322
3464792
3092871
10466438
25881102
1929918
3111278
1209899
1258490
5355458
26672408
4265526
3311253
