26120130
5346110
26664352
25883305
20424526
6798611
6152040
24753751
1083762
26354318
26262141
10797092
1037602
2142687
3757732
3054821
25897707
1792668
1084257
4238162
26699448
5382213
24257591
20280677
26577691
26310659
26660670
26427244
1037060
1491153
26353581
5922204
1076685
10522003
2348372
25803556
26305373
10531723
5288371
4903265
10598170
11541213
25911978
1914636
25777982
1092149
1130367
24845284
19949881
25928983
26369908
25810506
26422275
1313181
25870991
6990084
2275502
5408858
26640091
3111928
24541955
2823823
2140496
25858095
3411679
24839726
26420844
1485628
1048173
2133254
1433346
4010196
1040397
1752349
1780208
2045811
21361157
1595292
1097835
2081341
10605328
2317974
1596563
6847760
4741216
1191433
3323311
1051524
26253960
1056164
1002690
26220259
4208757
11507862
26363418
4061963
5411366
10617312
1021856
11587576
1034470
1051231
26335642
25782608
25730239
6512188
10563588
26109489
1435907
5408860
25936051
6510070
1197950
2990595
1313124
1418648
5302113
2567326
4322040
3164123
4002701
1053174
1161817
1893879
24371403
6905341
6538430
24748706
23780846
1007313
6784039
1450065
1065156
2147562
1082361
2249020
2341866
1499783
26302594
25953702
1050349
4250782
6724865
3155180
1049361
2125296
2364215
5350790
1142862
26698164
26371154
25786645
1159949
6533206
3267519
3291970
6101204
1279648
5920388
25723799
4867187
1817332
1692957
1062455
25903505
4238939
25943598
4039936
1448761
1091203
1313174
1144865
25986499
6718250
2348135
25861518
25956005
1200849
5437424
5404058
24845545
7045735
5246800
3035631
4898553
25883310
26393438
25891899
1418650
1955691
6735536
26418230
3905365
3043449
1035600
4896729
5033915
3104580
1270551
3873355
3605924
25997023
1025217
1428309
25866762
4881640
6078123
10432364
6822683
16636512
2125593
1023322
25983635
6080059
4199482
1451172
3227346
3088963
6853265
1175941
1793141
3905263
25551562
1464442
5254242
6311580
1859649
1088630
2372087
5293894
5903915
5957471
5937120
1014242
25982113
26357078
21323619
4210829
3071861
1926728
26673320
10564562
1791839
3181961
1782150
25870596
1957796
25817581
21355964
25708362
1981355
2347492
11629131
26640951
2284574
2998522
6781409
2051788
10537637
5377008
25784098
21751347
3292060
4720006
6827362
1775389
10429652
1180952
1290159
1069846
10582351
1228193
11504666
24741682
25930025
25840000
23780845
1480812
6982715
24298157
1069249
1075743
1014310
24529199
1487995
25952600
4874132
25920864
1034248
21622634
6535899
1400710
1844629
10550571
1315250
25848311
6957229
26295701
1001953
2354909
1450049
26336549
4882116
22790094
10467105
10831855
1042149
2220962
1083446
4874140
1391772
6431957
6024015
10564525
1143930
4137182
25975485
3730957
3427928
1351480
1899787
25852521
1006190
1482625
26575350
1005885
25815585
10521316
3544903
10531017
1868786
6872019
3645098
3137155
5269145
5383915
1046615
1963831
3596979
1808679
3321618
5391780
3423381
24383301
4208765
1054092
3574418
1082102
1321315
1000614
3339417
6531686
5921663
25774831
3205907
1060595
1986331
1144501
6013381
3781776
6723066
1033449
25872623
1958741
25796007
1058869
1801923
1056144
3417147
4317958
1691568
1763174
25904562
2129831
2188229
3399291
1016832
1012039
1023860
2078883
25957477
1982116
1228098
20563231
3038143
2266339
1059234
1016204
1812833
3145570
3521804
3722970
1028077
1884249
1801407
3088334
1719691
6097348
1025384
6522235
2127452
1435718
4178327
3604958
1191019
1171967
25924605
25765442
1044177
21965538
3393534
1001104
4882550
6973412
1001848
1741716
2230560
10512238
1857410
1997221
1785342
2976741
4178326
11601304
4880885
1011509
3611560
21317904
10456882
1095889
4242160
3624297
26309120
24829756
25894572
2146277
24748667
20434398
2134992
4270905
6039418
6080028
1028964
1007918
6938349
1138763
5935614
1542075
1013916
21966356
1077499
3340092
5398106
6920100
1258378
2348916
4819994
4007097
1937955
2364996
1084445
2023257
10442281
4119096
10515067
1076640
1006203
6004438
2253778
1437908
2604801
26285623
21304345
25858898
1966593
4006425
26358384
20492875
1741727
1052242
1763434
25928596
1190501
1024363
4258923
1434426
1929924
4898560
6952213
6509471
10566133
5401208
3715982
1161333
1065159
25924949
25928297
1253222
4908844
25876364
2262233
1338482
1419544
24754129
20411579
1446407
1593586
6085416
2382825
26342628
