26275861
26663916
1979199
5952488
3533221
1183730
5321463
5913475
1083156
3682751
1437973
5287474
1444900
10586741
26319791
2328178
5356342
4929897
25733593
26183848
1050762
5360180
5344908
1101447
26435358
1023045
26301626
3995526
25809269
1769449
4275052
3248660
1764940
3369793
5906677
26642866
24530336
1969064
5905894
26430818
4207781
26118072
1417379
1399258
25985811
3988256
26657426
5377234
26641232
3094686
26363229
26377695
24845582
25925226
21617765
1955283
25944034
1217156
4152754
2244869
25985683
5372542
26331553
1036274
2341848
6430918
4580972
3593985
5373043
5356341
20386245
7007231
3043738
3813981
6711978
3354670
10740449
26675739
6794021
1791664
24736805
1485597
4067626
5405365
1264579
1917628
26308014
2051634
1481245
25837839
26598142
3115238
10510102
23160215
1320512
24876497
26359759
3057385
1002898
1445816
25891213
1396617
20421947
1757904
4105411
3131048
1049688
25879449
2257188
1170013
10757905
25904933
25808713
4123047
6758610
10731681
26690392
4737260
1491278
3137289
3302645
25832927
3682746
10524484
2327273
6709834
1912086
10763351
3758143
19987178
1046172
21681263
4067806
2329752
25887874
26538400
10602302
26220226
20435633
5935767
2381209
2172516
1765027
6532122
5990434
3829573
2338699
3267583
1420862
2121010
4114338
4826484
4732123
26387514
26280077
1052212
26383741
2297026
1082183
25809148
26429949
1026317
1962124
10558798
4746554
20435845
1498506
3264644
25888148
4267248
3723236
1084822
1291987
3227126
1781920
1791976
10539031
4922635
5290397
4615139
10799782
3916985
6101339
26281271
3758507
3669595
1964207
5243268
26264973
6435569
1470159
1926540
2274454
6560171
4026192
3620987
10548822
5386587
1797878
1427538
10592037
4238299
2022501
3691357
10743132
3359251
25774240
20492200
26266165
2188534
3578156
10593937
1263637
1037315
4912713
10763918
4918104
5246819
7000947
5389557
2377002
6041686
1944735
25953676
2021169
6042357
3529625
1055301
24527087
6902851
6526282
1067090
10543177
1031853
1424216
6085417
10437353
1706830
2214344
2065564
3040952
4268086
2172286
5260234
10784801
10826182
4915696
10453329
1902982
5408255
10502507
25912970
6979615
3889625
4876369
3230997
4856042
2122483
1932095
5412805
19944233
25727356
2367690
6025832
26430997
10432767
5372968
20389038
5294897
4201806
10540821
3085566
25917332
6822622
5319110
26417171
6952107
4988498
20563215
4252561
4063223
10473358
2160037
26414051
1201627
3190177
10529731
1057390
3323627
10795243
3199058
1772153
1186703
24380572
1937582
25816580
1947611
1981397
1996037
2059994
3374734
20278119
4238146
20261733
25887385
5300531
1441533
24318912
3142383
3354744
4924851
25958454
2228271
26362838
6966454
26598398
11597314
2125536
7154681
1971180
3211056
21322534
20492585
2346488
4310798
1450421
11633408
1507254
6973852
10946146
4860865
3603676
1193762
3797114
10863000
10556007
20376171
1396778
10577536
10762727
6064707
25824540
10512087
2043783
1489474
11526335
4292150
4918103
26267080
5333081
3413775
1988571
3128133
6889836
5040160
6788569
24859130
1260440
5989088
7044292
1839117
10529928
1008661
10577427
4916239
6524002
4203512
4109197
25871749
5312099
10791787
20491988
26323528
6946667
4829580
6539917
1261119
1272639
24706877
3545809
5319114
26663467
4843493
6041720
26416741
5253626
5312554
19964285
25817535
1921738
25923272
3224600
6309256
3224599
7175178
25870756
1870207
5336478
3016318
10555899
5341113
26279952
3786733
24838224
20429668
4933545
3099801
7175162
10539355
4047166
4917225
4861583
4100304
2310605
2160612
1933845
3069408
3115901
2128416
5267345
25836271
25714279
3848870
1948813
6877023
4235588
7064825
25816220
1845866
3987918
1880538
1069994
4047646
10779466
2211904
4086834
26201983
6437865
10826276
1248704
26311775
2220324
1268079
2241708
4730201
4744787
1042557
3283630
10732616
4175411
10597971
3815099
5347968
5946558
6977795
4083431
6101473
4735768
11524771
25962543
4725278
1118136
1204378
3145353
7159229
19955089
1369580
6395196
1226882
3099784
6515083
3145372
3145362
3145369
3145360
2160615
3145355
10468951
3238125
1157019
6967530
3145357
20398194
3145370
2160614
2160616
26279777
11621652
3145365
2211903
3638957
21957305
4940855
25958104
10794790
4847853
20626430
6524356
1449252
1015456
6872733
25835216
24732341
11500001
3842567
4201307
11604715
4200635
21328688
1016261
