3151575
1970428
25968115
1072438
2380307
3816827
2064450
6980818
5379353
25969067
6052860
10453927
3313327
20283567
4010186
4217139
6508275
25756203
25908390
1053848
25908391
6526032
26281154
4217138
1031341
25774831
6511603
3167333
4864364
1659228
1484103
1000425
6065424
25962560
5068453
1278831
20282603
1032803
1921558
26698852
26318465
4027622
2381069
21318789
26616537
1001016
2128914
1162443
1083895
11620321
5903447
2985736
1424593
3186191
1432971
3186192
2338325
4875705
25698920
3518164
2028086
3746259
1027528
10607717
3044864
1484456
1063902
25770168
3905259
25772454
1005291
10354428
3135022
3105914
6533251
3225656
4114162
3259625
10354311
3133156
1101828
24851530
2990334
20309432
1223838
4823776
1409275
1313040
3651117
2044286
25789792
1857731
1961132
1002310
1424267
1130184
3016181
4935377
1138801
26603451
4722182
1015277
4220159
1023230
4210583
5923913
1084465
1325822
2381343
3146180
3086206
4178324
4605315
22741591
3772876
6064955
2226394
3186194
4875625
4169491
2005523
4713874
6963022
24704566
6851008
5349017
3266347
23858849
1022103
1483756
6522508
3327884
1318168
2099319
20492087
3342441
1313496
20495142
25832047
1017580
6960747
1157390
6963031
4184775
1691852
2092615
3029086
1878361
3279390
10416375
3027214
2110279
22793541
5350176
21966355
6959233
2157165
4813080
2359867
3865621
6433161
2253366
1687039
1045629
6396828
24858412
4074831
1319746
2150402
6345048
1645792
10558524
7056658
1072143
3025685
4109917
1789789
1320308
24722698
3064479
1467043
1844920
1010989
1288611
11589946
6105126
10605532
1925146
2070053
25712758
3099548
5983636
2230173
4880822
2096341
5349018
19977969
2250234
1068738
2005548
6861154
3900513
10570446
2209753
25832051
2979962
6720541
4022717
3354192
3463587
11442719
1451215
1821060
5348941
2271242
4245185
10548127
3113103
1081735
3715427
7916350
1000910
5285335
3199299
10550570
25839851
4847846
3755504
25719508
20429636
11526228
25838687
1588931
3805876
1782669
10743611
