26657740
26613052
20427187
4123116
1023045
26314954
26682066
26694904
25986748
26666533
26120130
1062343
3369600
1088581
2035171
5346110
26664352
23008971
26673156
26320883
26413154
26602467
25883305
26324497
20424526
26111124
26580056
4842446
6798611
19958089
6152040
26386370
20441569
1059336
24753751
1083762
25952961
26376049
24855915
26323408
1115353
26354318
26599283
26262141
2345548
26314955
10797092
6397275
26606389
1037602
26022097
25844463
4071859
26576518
2142687
5366382
3673771
19962936
25944034
4313207
5330333
1005358
3757732
26318944
2042063
4953707
3054821
25897707
2240482
26609645
1031526
1792668
25985126
1084257
26628827
26706519
4238162
5399227
26644827
3014444
26052898
3616310
26702743
1021346
1269900
26699448
11588848
20384337
5382213
24257591
22883503
26372738
25764295
26411602
1359005
20280677
26577691
26310659
6313461
1924213
3888123
20433554
26660670
26662477
20494401
26590901
26427244
1037060
1491153
1322358
26353581
4315361
5922204
1076685
25903621
1186392
10522003
2348372
26400900
24863163
5336228
1944205
26283182
25803556
4212607
26305373
10531723
1761759
5288371
4903265
4199363
10598170
1463256
11541213
25911978
24739109
1914636
4899351
7064313
26220798
1485597
26136989
25777982
2008284
1092149
25935075
25903198
1130367
24845284
3393056
1484425
1201620
26583402
19949881
25913083
25811785
25928983
26368561
25975454
26393693
26369908
22513484
4175473
10485011
1859140
25810506
26422275
1972412
1067293
25819842
1139360
1313181
6534897
6974582
25870991
1000280
6990084
20453024
2275502
25802595
1005660
3316438
5408858
1443196
26640091
3111928
24525766
24541955
20433556
2823823
2140496
25935074
25858095
26331783
25917467
3411679
5914480
1000531
24839726
1030898
1291211
2245449
1014144
3266345
1061029
25834004
26420844
1036787
25729024
1485628
3547099
1048173
7059662
2133254
1433346
4010196
5252677
20424572
1456524
1607478
26655263
1040397
5914484
1752349
1780208
2045811
21361157
1042434
11232975
3033690
25882350
24722098
1595292
3816827
1314765
25807918
4244859
5905348
1916533
1097835
1049215
2081341
3063889
26637035
1401795
25742023
2118743
24876899
25823036
10605328
2221395
2317974
10436418
1596563
1711971
24839352
1060531
1079104
6847760
1015403
26323530
20433553
10757941
4741216
5921785
1805764
6712293
1191433
3323311
24872210
1051524
1181690
1784790
5409459
1343089
5502440
26253960
22741371
1056164
1009285
6119800
1002690
1005353
3178741
1049688
10435653
1918353
6397293
1062423
1047719
26220259
4208757
11507862
26363418
4061963
5411366
2122992
2257188
26327897
25900687
25801298
1852700
26451609
25928984
1131736
4156422
10617312
1021856
25886167
3138839
11587576
1034470
1637486
1051231
3863494
2019937
1345845
5383175
26335642
26267265
25782608
5333599
25802944
25730239
6512188
1030307
6010156
10563588
26578129
26109489
26335638
1288913
1435907
24307342
26597918
24720345
5408860
25936051
26108383
10739718
26298299
10506822
6510070
1197950
21241284
6967535
2990595
1313124
1418648
5302113
2567326
1036478
2381093
4010197
3669671
24872932
25961281
5448179
3628749
10541061
1923472
4322040
1002474
3164123
3101425
26584823
24852833
26680310
22542435
25831297
4189980
4002701
1053174
26418117
26674220
1045442
25766700
26367292
1083317
20433557
25708139
20507419
5404877
6060527
1161817
1257325
25737866
1893879
25752284
26583081
4796752
5419801
21371574
24371403
20428304
1851058
26681315
6905341
5415644
1001013
6538430
1902303
1009529
24748706
5313010
5919132
23780846
1007313
1001193
10533992
26317953
6784039
10468339
20375515
1450065
1065156
2212128
6139564
4860526
25859093
2147562
4238217
1273690
1152971
24257317
26387863
1082361
2249020
1511912
3561136
25742411
10541710
20266046
2341866
1878708
2090728
1499783
25774861
25800850
3218534
5914551
24845006
26584055
25933324
5299274
10453633
26302594
10563464
26421317
25953702
1050349
26540600
4250782
1970620
3063888
3190550
24272636
6724865
1592351
26335181
26278990
25867203
3155180
10440415
19952930
4846035
1049361
11535030
2125296
1166000
26599189
26390716
2364215
5350790
1142862
26698164
3713667
6860890
3769019
26371154
25786645
1159949
25876244
6533206
3260831
3267519
26636373
1091964
3291970
24738206
6101204
5277994
1279648
1769765
5920388
25723799
3334654
25753360
4867187
25939191
1817332
3131523
10593804
25731151
25766893
26690924
5356231
6556296
25749852
3994721
