4913064
1082154
1061118
1029791
4760224
1082138
24540864
1401425
4882133
20441957
1044663
1009393
1703544
26291216
5350303
20421947
6015822
2237621
6018916
5446815
1071921
1038703
3151596
3149443
1062148
1083458
3137087
1046276
1069227
1734833
2999641
1041912
1024733
1082236
20397289
1063418
3137022
20426613
20406553
24861111
2052760
25744655
1023658
20397280
20426612
1031289
20426710
25779678
20389870
20406554
6073365
1433482
1001911
3154105
1490736
10452432
20436853
6607288
20426614
1048411
3151597
25747406
3137024
4103555
4010107
25846358
4261439
25823739
1256826
1438470
1077541
3137096
1205631
1352942
26273828
3137021
1433382
3137079
1081403
1129288
1199548
1348667
3137023
1053543
25883332
1072184
3137086
26263601
6434231
2137787
26276942
1725478
20437010
24749664
3137020
1057729
2126897
3032467
1659061
1039730
2085382
1353275
20471946
10542017
1001005
25856942
2187296
1966621
1484922
26036290
6114389
1002034
20763877
3544380
3322273
1121670
1929678
1444711
1076690
4749884
1089445
1436957
1766678
1823078
1291530
6030652
1814278
1832476
10448559
1063752
1054418
1329982
5288646
4024126
