3406401
10549934
5990251
25978763
2083981
25928708
1963912
26707594
1409704
2076623
25819842
5332713
4898627
26699810
26592275
26323530
26437349
1608873
3910883
2122992
1319893
3681639
5332932
1812011
6510519
3875610
2381748
3007708
26263501
20428304
26704845
4812799
4843462
26642292
4726852
5290370
23037911
3042785
1335318
2116107
25849143
1351050
1840859
2280575
5450660
1050743
26680362
1051931
4843456
6725979
1227986
10488582
1019232
10488583
26714721
1289849
7001419
3696966
4843444
1028052
2052713
4123046
2029640
1624701
25955940
26372364
1434309
1511511
5907290
26388004
21324451
4880993
24532503
1315188
10801462
4843454
3812770
2256361
1116336
1546323
1038746
2157629
2241169
1907859
2324913
25902064
23780225
3012903
4294353
1813858
10432340
4843458
1958486
1491082
1160733
1048692
3066678
2240928
5984387
4133007
3235149
1000804
2057229
4843446
1626532
10743004
5366471
1025989
1051715
4126251
4881692
1057794
1585313
10539120
25798953
3797804
4056324
4154982
24878033
4830829
3191679
1062229
3643702
2241263
3719334
25663104
24897425
1791175
3090793
3994012
1169157
1019400
4177459
23694803
3105408
3172450
25803201
3023149
5994811
1053709
3082201
1009069
22741370
25771551
20493038
20390893
6886394
1096103
1049944
3306209
25753429
1017328
2003441
6435101
4168704
20458135
4042701
1915094
1424523
1659785
1489578
1448820
6869786
4742960
1949816
1072239
1055906
1769975
5282139
1029056
5364104
4044062
4861223
2241291
1335314
25764652
3809822
1468201
26672596
25662148
10514957
5363118
1045248
5352734
4132844
3238342
1780032
1961637
2029641
4171549
4900249
3306619
2990263
4812801
1436700
4151210
5214622
12011617
23774662
26419781
2271287
20385695
3545532
2134266
4099986
1052027
1536620
25912907
5404240
1986943
24533105
19989305
23313881
5977469
1585298
1918045
4866461
1873114
6440652
1080067
2158216
1020905
4843463
3070498
10528618
4817590
4160247
25986157
3358570
3325335
5501109
3928558
1493168
3005084
4812798
1228335
1075729
24851422
6018571
1062018
1132722
1351217
2369653
1449687
3317555
23788417
24673484
1956912
3008811
2003229
2159938
3391913
1157284
4885184
1011256
1353117
26283156
1096776
3169741
25827006
1035061
6534492
19977895
1370348
25850137
3391977
3062634
6732497
2371380
25790226
2374344
5214629
3925873
23780851
4824305
5348108
1002361
2334292
5921590
11498624
21334920
1006322
1007998
5944389
3925150
20470264
4850804
21668148
1734211
19986455
3826301
2122427
1042797
1315257
1410351
6837535
1485079
4987161
1561304
2134786
1666270
20283405
3018196
5407498
2115583
4060733
5936277
3662078
3464891
11525305
3151937
1940983
25848453
1127363
26359688
1274326
2362932
3610834
24858814
10797495
25758002
1021758
3069690
4124620
1063450
4843449
1136890
1256719
5387400
1809168
3823078
25881603
2975884
26284328
10795526
3120844
3115074
5338827
1271244
4256701
3663818
5422846
2972658
6886395
4812797
1011158
19995305
24745219
20432687
1421659
24226730
24545131
6899256
4230228
1134133
22994122
1035117
1756759
2156253
11638368
4260195
1606473
3733883
4717432
2362929
1870217
4126196
6531111
6967324
3236653
2253111
6891463
1223927
6857564
1323551
3326014
4833426
1007744
25843053
25894316
1896545
2382432
1821146
3027807
1896544
4294898
1488608
5949800
1941925
6429011
19990858
2286166
3149553
1485132
4812800
1838801
26298997
3101200
2219582
1012057
1353177
1136843
3000360
1613466
25802739
3115092
6013061
4843441
10486535
1021526
1756645
1060824
1353204
2297545
19975871
3903168
1822865
1193313
1255977
4159356
1443530
2304073
6779204
3258541
6526810
3888221
2973403
2903091
26021872
7062415
1332024
24714200
1037224
4842456
25710247
26392141
1982727
24873059
3608670
25785157
25731426
1811550
1078174
1256523
1323778
10607571
4077967
3640005
1131845
3463998
26416449
1963483
1272231
2070300
1254437
3618256
10573947
1057788
6528785
3082202
26246880
3451011
1732250
1536833
1171791
3160702
1131846
5283726
1332092
1898973
10738007
1017779
3693363
2382446
1192582
25852555
3394060
1433469
5329045
4879642
24872437
25732271
20516782
25981470
1418098
4988529
1008656
4712693
2225575
1724558
2362915
25850143
6952510
25958046
2973042
5398205
2560928
3202123
1692109
10796790
3348425
4214978
3134006
1666567
3155230
26307501
20431220
1795374
3889035
3042387
