26680437
20507206
25717097
3318174
20431965
26359758
26648290
25747217
11608712
26615680
7067916
26702586
1916819
26377479
26613060
26312476
26373220
1019959
3655433
4160588
25882638
26377453
2216703
1485625
25999980
26319654
10493119
1105890
5411583
1046620
25768216
10794070
20516653
1151386
25750714
1254942
5068077
1060298
22993407
2270925
26652620
25778505
3374562
26292422
26435231
11542577
26592648
26126563
25755874
3729119
1691802
4910688
26387817
26712323
5241992
3181927
25986508
4114636
26582044
26639257
2340062
2195980
25747269
4121562
2310529
26415836
4884835
25771613
26577878
24708172
1447232
1440885
1678412
10678825
6064406
25863453
2985774
20429355
24879935
19930665
1929918
6729589
2000641
6011081
3693826
24858364
6389915
5981419
26369484
4077879
24696686
4115037
1043579
1448343
24371137
26427528
3433208
2041978
25724942
4106854
25876659
21330892
7003354
11581273
26201055
6982371
1183231
26387908
25843816
3799663
25827271
5044283
26586185
4246991
2074851
3875750
3711542
26596435
1734002
4268931
26003487
19980140
26292014
1058276
2033768
1984347
1862145
10867037
3083546
2971250
1900356
5390793
11520909
25866036
1925936
26309883
2355018
25848402
1048898
25821789
11594188
4863624
3572716
1384094
25957492
19930175
24294495
10560187
25909417
25981248
20419780
2567967
25870967
20509677
1522021
26639384
26409581
3734810
3758306
25917319
1091751
26656017
25900438
3719427
1254205
10738864
3843957
25869853
25905338
24891766
6001611
3390974
4056324
1335414
10796117
1326023
7154813
1447162
4039932
26691114
3656423
19981076
26285557
3109981
5372470
25748267
26268557
10793398
1836957
1082397
2111837
1418484
1748027
19976385
1389954
20458892
5946541
1959248
25873421
19925567
6558211
4910392
3527896
25799956
1266751
4178539
3265968
1881776
25937922
2969712
4796701
3115895
26431249
3607427
1288733
25958347
25808383
1083393
25873118
25698974
25918071
26639389
26426886
3276880
5301483
6507601
10448612
3136744
26582028
3619883
26339392
2130180
3529721
25967933
26367428
25662148
3658002
1336275
20499195
7154270
4844724
5281861
2992165
5921328
20389199
26422744
10558529
21965995
3137144
4912738
1137641
26386952
3300040
3419515
26661137
3903011
2215053
6862134
20502269
10528380
7916024
6829759
1931462
4897136
1540270
1282131
3475455
3769346
1956692
3115304
10600616
26258238
1759903
6828163
3112468
1257419
2572184
2976226
26351948
1441101
4166077
4723785
5360086
1881116
3701270
3903009
1194180
2004533
4513995
6876484
1875737
26324886
26429379
6313354
6024014
5343048
25836990
26353258
10796116
20443594
1311955
25852573
1439696
1706224
3155162
20392217
3352074
6510145
26287084
1163593
6846510
2270853
6059005
24695909
1378855
3402881
25910692
7062736
26593827
2271572
6866185
1783097
1000041
3219204
19955761
2142617
25916656
1209019
24744529
5408901
3056109
25856623
6087595
4833459
4232177
26269496
1811040
25874784
6126046
10600705
4855867
2363871
1338646
1879498
3924442
3255936
1000166
10760848
1213862
6729588
3354612
1614374
26302648
2161162
5067922
26361664
1447164
5356192
26263527
3108000
19976301
6340569
2113737
25844489
10482170
6874099
4889280
1499901
1983186
25880457
26413982
3662079
3015440
26437218
1879715
5038579
6729866
2075126
4745639
6878192
3271484
6834584
2136633
6394482
25960878
1082611
24749414
2261395
26251937
25796015
1907518
2994879
3098723
2240612
4827425
6523148
3140556
3924443
11591241
2168911
2052636
17093822
1347979
3159897
1068998
6714220
24324664
3731307
1047231
25912333
1146495
4934607
7060553
1418281
23744074
10428043
2680621
1336277
26290253
20474818
2046384
3893586
1684518
25849698
26107378
1743484
6990085
25818693
26600202
1593696
3148591
1581991
1393214
25782929
26556125
25905738
25942655
10809149
4080956
2977314
4238745
25839863
24751913
25848442
1822851
10596709
25040493
4209949
3621280
26302002
3567734
6990157
1332426
26386377
20524968
25917199
25836439
1326025
3815817
2078052
26374114
3191936
10357082
25852266
1505695
25802255
1427409
1160733
6439480
1521491
5326431
3705719
4915970
2114100
20502629
1132547
5096980
3121168
25802883
4825923
25958162
26366082
5363501
1148462
1959947
6440188
20277563
3419514
4847294
4736984
25934618
4953482
2309625
25851706
26352211
21235202
2075096
3283935
25969417
3062584
10515073
4881692
5325416
3989520
6851609
10454414
3090796
26435681
6984697
4846015
