1084336
26647054
5437113
25960141
1041007
3057333
1254588
1009257
1007914
1071241
1039487
1432596
2295163
1013129
1257365
3826899
5993314
1036274
1794620
3608235
1433640
25913612
3576486
1119839
1085470
7007231
4826530
1064841
1041128
4139056
1982200
6857344
1052990
2160226
4132801
1033190
2008284
3594151
3693974
1489401
1007952
1540211
3167392
1467519
1046209
3175372
26267109
1340758
25831096
1035848
1855231
1002898
2669319
2361768
2039931
26126183
10560097
4309584
1016529
1043008
1211572
10794550
1370897
2296687
2082194
1192700
3891855
3743038
26278316
1021615
1077778
2123287
26607921
3106707
4860554
1907739
1004088
5988558
1026035
1880824
2161691
25714740
10773248
1030469
1542939
26328457
26394207
2050767
1318622
4219125
1001136
2117875
1010898
4149287
1341752
24756462
1012561
1003078
1397331
3608170
20435633
6526931
26692326
2150240
1387256
2349930
2117871
5378929
26257896
3689118
2159856
4150038
1028409
1880823
6973840
25722936
2266772
4832665
2121010
4049269
2588506
1066911
1072319
3797733
26666033
1285961
25712707
26615892
1054899
4199248
25881349
10435833
25872643
10555488
2158463
1879829
1917962
26383741
1059503
1018482
2229229
1006770
1803641
4714156
19967277
1433568
26301181
1344161
1290266
6424706
1878265
1030200
3003684
1192706
1873569
1073333
10439099
1146176
19894084
1270150
1934766
1021193
3129409
25731663
1260295
4744788
4885190
1023059
2160556
1784153
1871892
5912701
4758246
1084822
1008459
26607285
4061972
1491320
24891592
26038436
1088028
1782032
1489164
4103922
26427775
25782292
2117872
25962533
3338175
10567936
4289329
5980371
2120339
1915170
1199034
6127333
3910853
3712514
3621942
3210683
1072126
3661060
2274208
3089661
2274454
3137185
26576239
1474343
1448645
24384863
20273030
24886923
1972325
25945507
1102876
1009273
25761171
5398731
1433572
3620500
1436586
4736014
24757288
1440159
1461652
3413784
4852805
6265890
1941301
5299807
2193881
1899006
1090575
4726738
4087909
1546437
1065799
1828307
1965464
1765512
25742768
4872917
1936204
2171327
10604035
3693103
20430016
1700474
25713175
25909857
2162209
26266165
1221327
3829245
25816346
1028779
2193875
26292675
2984402
26285731
1959287
3628184
6802416
1005279
1291197
2002914
25917623
1152564
25787839
1310673
1028404
1483522
1030864
3171267
6436639
1040632
4987594
1072508
25953676
3614177
24720960
5957787
6042357
25867567
3529625
25957853
1442791
26611997
4710833
2257333
4005745
1800113
1029696
1310025
4753975
3338216
2212064
1064862
1115397
24849705
3623383
10604012
3549894
19976927
1083091
3023897
1578732
1044934
1214898
6440304
10515648
1318615
1813973
1982096
1092965
24295824
2120425
3536343
1142578
2278402
1084325
3654011
4852719
1015241
2340058
3083264
3621921
1007576
2188017
3823070
4852887
6507880
10746176
11503105
2123957
2381462
4903439
2050768
3040952
1028270
3693094
1491598
3283582
25872646
3265351
2274446
1884655
1388776
1023882
1087758
1912993
1819930
26477038
6831113
1046883
1486619
3240293
5254318
1045569
3437051
5355666
1902982
1102435
22693008
1439350
3449341
1032764
3664843
1982120
1536907
11534101
1485700
25871952
1210735
1491317
1131805
2368819
4134396
1021209
1085467
1199658
1007396
5406471
1058413
4902445
2122483
25725674
4894876
1436584
19974155
20470904
2036835
3545807
10432767
3224618
1077674
3841355
3867627
1527300
3026354
3554095
26413410
6843974
26666166
1056707
1047927
1152745
1576005
3621919
1119980
1806300
24760789
2301377
1346936
1163327
3332517
26293005
1456886
1842181
3429105
26270313
3237608
1819816
1816104
1048047
1816103
6101379
3898484
1346140
1000993
1470686
25803006
3423958
2119272
3792185
6560648
1975886
1739589
1881747
21263656
6001114
6048869
3927859
1939168
2162208
21957187
1885229
5402475
2135803
1017993
1816105
1064880
2306753
1053752
1157075
2131751
20379682
6537134
1151061
3807481
1779099
25901260
3132477
3265350
1976471
1066133
4265920
10546116
3521989
25780805
26436330
3922847
21692819
1228700
3411698
4191709
2025004
1065264
4743834
2326886
3086575
1459357
1491325
4263422
1444827
1085512
3620505
1049411
2375997
3349992
2135382
1041057
3753941
3697736
2052682
1013814
1049814
6049984
1225366
2309204
2003111
2710965
1009405
24834700
2057592
5939303
25893502
1283223
3876276
4943558
