26680437
20431965
26615680
1916819
25870967
25882638
26377453
1485625
26319654
5411583
25768216
1254942
5068077
1060298
3374562
26292422
1691802
3181927
6828163
2340062
2195980
4121562
2310529
1447232
1440885
1678412
25863453
24879935
6729589
2000641
6011081
3693826
24858364
6389915
4077879
24696686
3433208
2041978
4106854
21330892
25843816
25827271
2074851
3711542
26596435
1393214
1058276
1984347
1862145
3083546
2971250
1900356
1925936
2355018
1048898
1160733
3572716
20502629
19930175
24294495
1522021
26639384
3734810
3758306
25917319
1091751
3719427
1254205
10738864
4881692
3843957
25869853
25905338
3090796
24891766
4056324
4917068
1447162
4039932
26691114
26285557
1087375
3370177
2111837
1418484
20458892
5946541
1255989
1959248
1035302
4910392
3527896
4178539
25770208
2969712
24531830
3115895
3607427
26436739
1288733
25808383
1288592
1465776
25698974
25918071
26639389
3065729
3276880
10448612
1926393
3619883
25728350
25662148
3904766
5281861
2007012
2992165
5921328
26422744
4208576
10558529
4912738
3419515
6862134
4897136
1540270
1282131
1956692
3112468
4166077
3903009
1194180
4513995
6876484
1875737
6313354
25852573
1706224
3155162
1057546
6510145
26287084
6059005
1378855
3402881
7062736
26593827
2271572
1783097
7057926
3219204
19955761
25916656
3056109
25856623
6087595
4833459
1839241
2175084
1811040
1821723
25874784
24890055
4855867
3924442
3255936
25802892
1000166
1213862
1542594
3354612
2161162
5067922
26361664
1447164
3108000
6340569
1499901
1983186
3662079
1879715
5038579
26325071
26655292
3271484
2136633
11445486
1082611
24749414
2261395
5906542
10519504
1907518
2240612
4827425
3140556
3924443
1038385
2052636
3159897
25875121
6714220
3731307
1000795
4934607
7060553
1288591
26290253
20474818
2046384
1684518
26107378
1743484
6990085
26600202
3148591
2024658
2977314
1883933
5339799
4209949
3621280
26302002
3567734
6990157
1332426
26386377
3078215
3815817
2078052
4160641
1505695
6439480
5326431
3705719
1156372
4825923
5363501
1959947
6440188
1911006
5503270
2309625
25851706
2075096
1261665
3110954
3062584
5325416
6851609
10454414
6432270
26327477
3657978
24890095
25927023
3030861
3664711
10537384
6127184
4274973
10729466
1798882
2339948
5253625
4292048
4140386
4665276
6509766
1156370
10593883
2308673
5260214
3924465
25981192
5336918
3875951
7015786
3115689
4309492
1818579
6114170
21336232
24757480
6731562
25866991
3245223
4249305
1374489
10565758
6799531
6000502
1452480
4628271
6311564
1035697
3195228
4931705
1342190
2142615
26317392
4836659
3354804
25708375
2980019
4744133
2158970
3510567
1291343
1962491
5335983
4742681
1493167
1156371
6777651
3049205
1395971
6397627
2246296
2352200
1369326
1278389
3140555
26332606
1524754
4817890
26384156
10441545
1000561
4244682
25741425
20271222
21792506
3703105
2275168
23860392
2127260
1798844
6985730
4905858
5338210
3681643
25770195
5936417
3434107
26346009
2114354
3263008
4259715
6885165
1597429
2173404
25723904
3923590
4007343
4822316
1154850
4136619
3077716
2283575
1195270
5272429
2080980
4703910
10528384
3724795
1624937
3802056
1046502
3997272
1572598
4247712
10537390
1911022
3070273
1879430
19982719
10593527
3484021
3583334
3172462
4774243
24841280
26384318
6711108
3105421
1737350
4248952
10734705
4909724
2034094
3622394
6999533
1352771
1521892
5411104
1974483
2015976
10488442
25838012
2045075
7059588
4267217
10452400
3353023
4914793
4875686
3826581
5344391
3661594
4190124
1207628
5096982
25745922
4842715
5399455
10567709
5308694
26331961
25876471
3238388
5291096
3083569
4039443
10736522
4922697
4860588
26608164
1596628
1261928
1335363
1425247
1834968
1897816
26262957
11603584
20442487
1118708
6530042
5270781
3110727
2364919
4743187
11577166
4854513
6001150
1425821
2309307
25708373
3351949
10448570
6854177
3793789
5291102
26168860
26456926
1013508
4255069
4245286
4865031
4841681
1649119
10354125
4932689
4107751
1035196
4917066
3686960
10830579
25797997
2161392
22538495
3026908
4115280
20270449
4727771
6114693
6875752
3010279
2005498
4113311
25901167
1065814
5264002
4178541
6088005
6985745
21318677
4853209
2025678
3186240
4833728
4200521
4219780
6015798
26656040
3181853
1488425
25772292
25707341
3653998
3238219
20453023
3184740
24868009
3523025
4833157
24535401
1318127
6722065
