25891318
26435040
26584746
26686622
25891321
26427189
1949420
6879356
26354200
26433353
1088022
1125731
1000531
6797768
1439441
2140283
26416956
1042928
26258900
1396491
10435653
1009105
26709125
4212812
3610090
2026281
26665373
6531656
26416785
25885817
1511912
4320843
3297466
1142862
26677066
3432401
6798784
1314467
10867800
1394907
25891574
20282877
2348135
11620326
1207500
2008436
3880774
26293794
6798785
26594136
26666113
7058037
1851955
1015123
5063131
1322401
6999547
26435048
26684341
2026211
26420422
26582464
6090958
24396667
24874063
3824491
24869701
26593737
26593066
1899764
5376976
3875719
26392445
21268040
2998749
26409606
24884200
25965978
20412218
4827423
3711433
1928500
3072649
2148992
26652938
26213988
1450049
4104794
3511129
3418938
5290283
1197914
20399472
1012268
25953929
26435042
20278566
1002958
26451531
6794362
1058889
24849025
26435047
1214078
2216197
1069507
20386240
25763658
3924388
26603265
1201259
10443525
20376134
10608507
21328036
10766057
1312942
1160154
3701605
20424606
1013286
1538532
25769529
3150203
1006732
22741515
1679427
1421547
3134073
25895918
1134086
26577842
1980834
3035211
5936256
1007918
1038241
5914500
10487779
2333901
4293818
1351961
1283292
19971138
25886166
1924904
6730371
4145391
1430895
26712681
2337526
3728560
26387790
1852591
26298621
6896252
26422335
26688036
26598329
2070186
4854007
24845288
1900309
26435046
25830990
4723775
1060204
6730832
1264559
2229940
20399478
25881835
25907759
5299857
26369400
4232573
4912691
3803518
10577556
3358492
26348842
24878141
2225147
2210591
25918080
26724296
7051208
2183718
5343281
1285504
26387875
1430597
1915910
6783954
1658348
2156890
3782155
2137736
5502199
1690499
1826198
26712766
24696402
10535287
1227902
10789137
24851444
1489879
26609559
1247901
26582461
1534948
25867620
6896008
4147755
2223671
26373673
2138365
2183783
1163629
4238845
25741359
1854620
4290353
3797108
3147347
25837219
25722072
3106593
1275950
25846881
2023303
2008590
1858458
4123514
4900246
20499500
25733363
2154838
26021360
10577555
25790419
26394497
2047854
26394509
25725055
2307859
6968193
10568241
2058587
1023495
1027808
3149816
26639522
21519621
4124970
3238042
3212409
1392588
4016458
4102053
3224761
20259784
20492088
2594830
26388038
20499504
1814841
6753540
24859728
3926283
1799240
1919843
20499503
6515407
1420498
26394511
11629001
1001057
26600365
5355500
24849654
7060213
3441226
4104406
5990882
1780173
2162030
26438161
4882046
3098671
1726823
20481425
1421001
6394703
26390172
1066993
26589033
6720185
26678468
1048632
4840957
26263327
2259676
6793917
4293155
10799669
5327987
26629399
4018165
21709406
26362425
26318959
20365862
6390078
26374164
5242198
1811833
1313195
11597530
1119635
26416714
3309340
20430433
2235852
1733498
1920619
1976072
1860524
26664844
2344062
25963084
3178518
1734121
2296399
24522311
19961820
10435585
2378442
1843305
2330282
10528619
2025814
1882433
3228470
1012114
5936989
5440145
3931947
1768861
1744054
10532175
20388325
26374887
6886352
26394501
1313421
2094609
26411827
26383963
1016454
2967922
1490396
25887311
3134542
25720402
1689655
1018237
4208659
1427421
24889344
26667893
26600363
3693994
3198455
24734255
23709956
2131180
25855959
3882007
1067229
26717695
3219205
2160115
3225740
1462652
26576301
20480824
26601167
1872721
1261135
25750844
6969812
25901164
1214304
2216376
26295466
1702679
1162560
26295959
4219646
1420677
4864367
3644117
2343045
1084606
5383659
3262646
6313251
26610858
1003136
26579840
1076792
1043183
1794590
1261139
3227020
1491862
26387803
10484660
1755406
1038125
1971658
25962193
2046813
25859085
2012606
3770531
21966326
3449736
3823019
6067978
26637124
3177616
3136811
2183857
26270668
2282541
3307163
1071993
25720158
10522646
3426318
6124613
1531549
1421311
25926675
24855142
5399417
3221188
5446520
25666026
1436076
1913303
10795897
26314645
1182735
25854442
6393554
3061753
26320353
10532173
26297339
3660149
3651532
26629143
25817996
20453681
1062494
1440246
4013360
23489419
6039257
1683470
5951569
25804639
3229794
26676513
4273309
24855800
2701313
1772150
26286860
5291316
2213802
2111862
1767646
25862563
1016724
25771895
1975991
1030243
6803241
6525712
2721400
25865673
10587458
1046601
2183845
5916217
26427618
26629148
1682295
2159323
1975142
3288259
3662224
1803103
26368754
1443276
