1066462
3665874
1056733
1358873
3699108
26610688
6007431
1021847
10553760
1059937
1049354
25848538
5243268
4012128
1031575
3822879
1358413
4237837
10862975
10553751
1761056
2148524
6507880
2970121
1367964
1061367
1367458
1070441
3770707
5940493
2970118
2150588
1026686
2150586
1013248
3003763
1019338
1049190
2364778
2567730
1003148
10862974
20418203
2153359
1441707
1001377
1358416
1026411
1013001
1021425
3014429
2567727
2150587
25799031
1821232
3408847
1887754
1137615
1963312
25927079
3902723
25802924
1048537
25353939
6889910
2150582
2567856
1368256
5299377
4862350
4167914
1361249
6854327
4117202
25952173
1358691
1005312
1932866
25829338
6389905
6889909
1368414
1343654
4738419
25885954
19979635
2046279
10830533
1212984
19959619
26610682
6960746
20452583
11542225
25952184
2364744
4191721
2160594
20002885
10746503
4167915
20497398
4237834
1460404
1026855
4887920
2364743
1392945
3351791
11542228
3993030
10554976
24866028
6389904
25830725
6518857
25886006
6007432
6966810
25743662
1359624
1397052
4827789
1460401
4906784
6007433
1557506
1424343
4179341
1141808
1398193
5329778
1460405
1072208
19959618
26394431
6848531
1367742
1777910
2597507
3003765
1026424
6389903
1629392
1359623
3168028
1342928
3175853
4906782
1460402
5990204
26135620
6087549
7057385
3182994
1467999
4265979
24834965
1367647
1346919
1344287
3622082
1460398
1394536
5326835
11542226
5296815
1782016
4906783
4889853
1358412
1358895
1442185
1627847
1765436
6079997
11536792
1966160
1359644
3194045
6389906
1041666
1368083
1346918
3686257
1356217
5990205
25803357
24722552
20495116
6515913
1367457
1822439
1368413
4906781
4724245
11542224
4906786
1345444
1358924
1442097
25731758
1962514
5948997
4191718
1395419
1367965
1368084
1368257
3180822
3338075
1368412
4819146
4906787
20477026
4908830
1042311
10830534
1075746
2364880
11542227
1367726
1214479
1358703
1255269
1012912
1367637
1492230
1570197
5389586
6966811
3179617
4164880
6523765
6518594
