26306686
26698020
26582822
26297606
6709783
26324497
26608585
26665230
6021440
26541801
10945606
5914587
26314955
26270679
26362040
26682111
25942507
4243770
26702493
5421787
24738302
4075835
5320866
26372738
6718487
26362997
24753651
25908079
2348372
5921213
26400900
1919072
3922162
26586799
5914475
26220798
3320425
25928983
25975454
26575141
11516567
1958120
25810506
25779152
26308014
25800616
25742296
24541955
26630833
20505765
1004118
1022936
26278639
26651382
4050758
26272662
25909355
26688084
25807982
5269192
25724107
25724948
3869711
24714655
3816827
26643780
25777433
25857804
25823036
20480678
26702089
11589951
26319982
5997269
25962759
26008422
25849758
26589080
6851648
4822145
3932520
10796954
26695045
26361652
5379353
26646553
5302113
26435017
6052860
4894684
22229485
25758308
25766700
26386566
26611892
26598389
26658944
26273310
4594514
25958751
5313010
26697460
4163938
1042567
20492093
3889178
20453004
1152971
4246667
25886309
7054652
1318427
10570587
2015536
1499783
24530336
26022186
26302594
25843241
4225644
6746174
26430818
26236449
7015950
6779576
24305938
19977078
1780035
24335672
26324886
4851372
26410894
4118751
1427527
4867187
10433837
6999354
25749852
1085646
26394048
25943598
1104943
3631947
26604221
3622624
4816212
5362909
20365163
25790070
3419122
3845101
26655503
26393438
26349459
5299847
5408875
10565381
11632326
26344853
23780847
3567853
1951372
26422298
25906749
25850087
2180696
26369667
26599526
25916679
20036150
6078123
24872319
25783682
5439620
5906023
26285905
6080059
4199482
25866380
25927950
1963140
4168140
25925797
6933056
20471120
1464442
20622712
6798414
26383733
25925083
26698812
25764520
2368126
26282829
24744410
1031634
5311622
25879027
6438293
25742292
26366549
1484542
24875857
4216944
26368060
25702395
1461932
4789228
25908095
4210756
26605094
25861795
25786085
26529839
26355331
6307924
24529199
26702075
25954934
3319935
11641858
3585473
26281154
10831855
2031077
1396702
25975485
25663745
1101267
7065290
1491595
24523626
2284696
6753011
2055164
5301299
5325859
26371123
6900660
26596091
5411116
25956628
1843185
1031341
26673111
26361207
6976968
25872184
6428360
24844993
5904151
6723066
24845286
26340695
20373428
24318966
25763770
3396111
26430585
25743457
26679658
25659812
23780848
4137490
26643784
4063315
1082364
26528499
10545193
25790123
26588279
1435718
1756829
25815588
25924605
1044177
1396394
3267945
1143222
26362417
26276717
26635841
26707649
26356045
26337352
4729468
4178328
20507211
1461145
26301286
26361762
24533745
6790578
21966346
26376508
11504764
25839089
6920100
3069880
1490089
6548683
1072313
6511603
6966458
3625123
6434270
1431653
25880351
1006203
25817721
26317955
1055585
1022541
3235517
1312095
2284487
24700104
2124330
19977082
3265821
6075190
25835278
3519489
25895583
6779184
3717165
4280621
1084649
26342628
6852581
1273942
25911445
26661710
4246084
1101268
1098941
3012628
10809142
1048539
26236445
3650828
2350023
1430540
3253861
25719486
25932067
1834971
1061321
26472775
24661633
4864364
26576507
25905681
26558915
5920818
26285693
11508928
1395495
24872734
1420801
1022147
26393727
25892661
2080679
6851207
3793884
20269033
24859840
4223249
10531533
5352417
26295314
4187421
3685204
6901098
1451149
3087182
1029781
25723443
3361791
20434431
3802046
26689233
1966719
3667896
3596216
19966132
1283113
22492088
1042319
24700129
20492199
2294265
24807529
3554091
24755180
25984563
25958885
21359919
4721726
1755278
1084444
5412254
6065424
10570590
3032198
26293219
26421908
4158006
2280661
1488929
2216505
26574872
10491410
11589943
2189906
26378772
3151607
26292127
26035304
3124833
3018230
26357758
2130054
3172011
25752502
10571273
10588815
26278454
1082724
4114338
3215423
26614327
2300837
26303632
3550600
24697841
26303726
25843336
26703830
25837689
4180015
4020863
1042737
21362627
20473494
26304153
24868037
4008885
25710483
5999508
20561892
26668716
2272174
25971733
6520741
25732048
3423258
26642310
2147625
1968264
26393700
24383252
1415319
26376121
5323574
4843742
25975929
5341112
4096751
21361364
6321565
3699395
1288976
1227751
26662817
5347932
5320300
25873980
5363843
1436358
1129051
1988470
1007510
6506090
3865371
5913086
3145661
3096342
1837431
2381069
5408880
25963553
4214837
3576560
5297292
1313875
3405373
10825212
25897253
6037415
3908071
26215937
3624226
2980425
25894455
3845472
26638468
1077181
22167708
