26210487
10786473
26306686
10517238
24934182
1775691
1200840
26694904
3608208
26677905
1292409
1183730
3609132
1786387
26693418
26656779
26664352
26699409
26590267
11622283
1064275
1033778
3318174
4953695
1431870
6798611
2340100
1829226
26673009
1084165
24753751
4180711
3260902
25863621
26672723
1048007
26598945
26171593
22994632
1056295
1115353
10512506
26584387
20507212
2345548
26728018
26606389
26628022
5325618
25815309
25917140
25895442
3803820
3826899
26425651
26369699
5330333
24380577
2083981
25858068
26695301
23044177
3054821
3266968
26609645
1135754
26420555
26585057
2194123
4726323
3158482
4934733
4075835
3291111
1269900
26695289
20384337
26683323
26627876
25957554
24257591
3688489
1135734
26708113
26640794
3523041
1880831
1359005
25870384
3558629
26636282
26656532
26043287
10773358
26664622
4020857
26660670
1016003
26646595
4929897
26628237
1491153
26711266
1286547
26353581
1013502
26668822
26627873
2277299
1085660
2348372
25921293
1880992
1837006
1059769
6801742
3834938
26434719
2256039
4010185
10598170
26417674
24739109
26581845
26377479
26220798
4872222
25777982
2008284
1005193
26650151
24845284
6519759
26659614
25735727
3744041
25975454
26670577
26693855
10432334
26362975
6041708
26422275
11516220
6510688
26706748
26312476
25948154
1313181
1019959
5171244
24083865
26666735
25870991
20389192
10603541
2275502
1021056
25747597
5408858
20278327
26663783
2823823
11601993
2980795
26701183
2140496
1262986
26384723
1050762
5980113
26384746
3266345
3413836
4849382
3006483
26590273
26689692
26307520
7059662
25788697
26706371
26337889
26718873
4010196
10739290
5361568
26718084
26691481
1040397
4267149
2363651
10562233
26428516
20272112
26285939
1083403
1012637
2193877
3134517
26613582
1105890
1128313
1100470
1097835
26628012
26640094
26615848
25852441
24839553
5344908
26641865
1927902
26448151
20389195
25911928
10786476
20480823
26337959
25836825
25912887
4741216
3622904
21364188
2230208
3116096
22993496
25855770
26594159
2340059
26275063
26140526
24758481
26412672
26220259
20434430
1316569
11507862
26363418
2119843
26435358
10796954
4214217
5399425
4934590
1436707
3224456
1637486
25747577
10431236
24699104
6835758
1788302
26342494
26412718
25782608
1069805
10484712
6512188
25830853
26109489
20260640
26111149
4722180
3874168
5408860
25778505
26108383
4260576
26673003
24297906
26613506
6510070
1769449
1083906
1313124
26313089
3613841
26698785
2372450
5302113
2381093
4237548
1039311
24862771
25867688
3628749
26394467
2225735
1085007
24746256
1316093
26680310
6404010
26178225
2307720
25948155
25913208
2984241
25693190
11542577
1161817
26598389
1050510
26262143
26583081
3698217
25660015
24661640
4053315
26645283
25873066
1902303
3772058
3798420
26589039
26593287
26418338
26317953
26681616
2212128
24283167
20504749
26538400
1152971
20273181
5906677
25792009
10476698
2025999
26378862
1082901
7054652
26295733
10570587
4780102
1499783
1969064
10807306
26302594
6789999
25817021
26638948
20616993
4030556
25953702
25985499
26378417
6828163
3422625
26711193
6724865
25941678
1038663
7051024
3633588
6438010
4846035
7015950
25731751
