26704403
25985021
26657740
4913064
4820710
26606366
7163250
10471333
3162991
26641665
26314627
20440644
26314954
26607924
25886351
26657701
26394018
26354440
1041482
26275177
26708306
1795079
25884880
26431326
26593670
26292964
5366248
26150549
3836566
3410718
25986748
26296352
1467022
1783098
26672748
26308505
1003479
1813841
26598484
26665789
6709783
26694664
1062343
1046492
26390842
26652242
25746578
10564071
26612919
26341546
10583099
2253381
20507206
5337248
25750468
3057556
26298832
25902942
25891318
26679862
1261560
6880158
26435040
3239549
2326571
26413154
1022238
26602467
25883305
26680436
1027191
25912076
20424526
26425892
26580056
26584746
4842446
26603137
26265745
1269182
26650970
26292057
20441569
6425061
1873231
26686006
26276743
1085799
26591790
26594676
1059336
23779370
1083762
1255625
26707803
4760224
6539859
3151575
1225983
20515828
25777432
1858410
26376049
5989373
1315190
19940743
26334500
10569855
4903692
1083433
10512236
1981042
1200842
3228779
1789837
1922216
21267489
26599283
1063540
26617142
25882276
26686622
6434486
11612936
11229072
26320417
26392829
25891321
19920715
26581737
10797092
1144185
1136881
26613061
25846182
3079029
26261240
26427189
26576515
1147193
1212199
1476213
1675478
1050339
1005492
2283920
1468426
25881102
1258490
3311253
25902448
1483894
24851460
1032063
3707886
1958685
26417490
25938605
3448867
26666408
25844463
4071859
1041385
2142687
10439064
4579688
1080309
20366370
1970428
20501147
1220853
10607615
26353607
11528350
26702850
10807374
26274949
6913343
2376486
4113090
25968115
2110492
2373242
2042538
1015699
3183775
1418686
4086927
1034067
1019568
4146756
1005358
10540815
26710298
26279878
25760457
26596713
3389984
26667778
3757732
25731506
1078250
25752592
10434849
2042063
26436285
6827339
25928708
1072438
26699680
25697555
26253801
4953707
1317899
1025643
26570629
26648636
1922246
25897707
26585046
26333850
26593679
25752043
1068912
1077847
3674537
25963518
1792668
25985126
10740958
3076984
2258034
1060774
4238162
3432304
26285190
5399227
1949420
26342182
24738302
6428468
1949338
26281730
26701097
1025723
25712811
1021273
6861664
1001885
26349445
1391191
4242406
22638869
25744944
1015748
1559310
25953571
2081876
26581246
24882288
1803022
1465007
26583162
1014561
4012143
1007772
1444252
6079823
1870268
1006113
20376550
25902222
25639223
4229282
4202004
1062991
1036541
3012517
3289274
26333998
1012307
2101774
2025235
26411602
21363162
1008189
3273876
26310659
1056315
26362997
2052448
1924213
10430397
25961497
1424420
20473505
26707594
3537590
10472702
25940556
1147347
20433554
26662477
26426959
20389202
20494401
2003092
7647487
1124305
26590901
7055441
26427244
6557925
26612656
26690183
1315844
5297291
26591593
25844017
26644808
1836555
3719342
5269439
6772248
1037060
25878880
1491153
3891900
1050929
25947310
1322358
26592899
2029680
4315361
1319910
6401128
5922204
10758290
1010204
1076685
1962923
1315199
26667196
26545443
6879215
22806583
1034329
1476218
1014825
5975571
10522003
25774379
25918820
1043485
2253642
2380307
3410709
1626392
6892579
26545313
25756955
26427101
20272113
26283182
1079708
2076886
1012032
2032141
2747765
2326273
24324704
26315806
26305373
10531723
1325507
5288371
26552069
25935941
6879356
1006560
26574388
26640805
3009821
4199363
10598170
1463256
26608142
2079345
2363834
25945487
3101021
7916069
22606919
11541213
26269634
26577706
1225977
26327548
25911978
25852518
1070711
26415165
4082434
26354200
26705810
3833024
3648316
25904521
1264104
26136989
4912688
1006884
25871778
26290039
25977110
25882266
19995918
1130367
3626924
19977771
25836269
1484425
20501270
25908552
26361453
25717418
4934845
4115698
1053623
1201620
1030503
26607789
26433353
1422105
3274113
26583402
1867642
25890145
11636077
4809777
21329239
1088022
25810430
1044547
1027767
24736494
2036569
26393693
26602453
3928882
20503529
1433411
10464337
1139065
5348044
1076378
26678028
4175473
14439405
26388427
26607254
26592869
25717107
26591910
11607261
1859140
26700397
26370164
1972412
3163104
26710380
1752755
3228668
1139360
1313181
1228775
26706961
3606570
1054760
6534897
10553189
3283983
25870991
1000280
26419408
6890903
24529164
26286741
26651780
6990084
26579284
25762288
26351113
1823533
1812439
3128801
26694140
26683268
25900305
1125731
26658022
25908550
21325858
3155622
25971624
5988185
6873632
26636365
10796986
24525766
