1007305
1088581
11601199
1203426
4903692
1061803
26341367
1147193
1483894
1883245
25757313
1456692
2373242
1964774
26610864
1019568
1059258
1077847
1949420
5040220
25744944
1053088
1014561
1006113
2005705
1836555
3007268
1286547
2029680
1050465
1049957
6714015
1029553
2046236
5327690
2747765
6879356
11520757
1626883
1007196
1264104
26136989
1006884
1849409
2076623
26716410
3843961
10482102
5980582
1856285
1823533
1470625
1020547
1144385
1073708
7014927
25844774
26354176
3606804
10354427
25934176
1107841
1470622
1907655
1028816
1032967
1008357
1011215
1854151
1002513
1961670
1072316
1016631
1491630
1139980
24872789
1021990
1009290
25779213
4098263
1012929
2042562
1098643
2039292
1608873
1033163
1056164
1393724
1014763
5913472
25881958
1013267
10956248
1254942
1142794
25797851
1031794
26606420
2002025
3079969
3191229
2153887
1921589
2281861
25819935
1203421
1042053
11520765
1213945
1036397
1009789
10796035
1061679
1287865
1081144
1001924
1040382
1926289
1082696
2377241
1528482
1203244
25907863
1950809
5320662
5355492
4894977
1021709
1038360
1174703
3746915
2282706
19981641
1041366
1132550
1936629
6105391
3522118
1082446
2775720
26352443
10488580
4146127
3507487
1185908
1022914
3409620
2115906
1076330
1119590
1008094
26603400
1204398
2049128
26576787
1489670
3223719
3427162
1253292
5919996
1203363
26390716
1420734
2284549
1910477
1009938
3226602
1072774
10518014
1958863
3994721
1025808
1070272
2147370
26612255
2988970
2027666
1186176
1436648
6003716
1207847
5311593
2310529
2255864
3124589
1921597
1834541
1627340
3226595
26607221
1770652
2008406
2364762
2349498
3223717
1916451
1181370
3100585
1006624
4896729
6849306
3465962
1068337
1603309
2775787
4917220
2280575
5980581
2049866
1895965
1436119
1146537
4090803
1038492
1862115
1954594
6038874
1096449
4917251
1929958
4723735
1076598
1108762
2028727
2382953
1851955
20399443
1877096
1006967
2219098
22264311
1321544
2052471
26359805
6077699
2153299
3755149
2030606
2052475
3317670
1921441
6398002
1000888
1917994
1317857
1644403
1769540
1227920
1774227
3741357
1931318
25785388
4892923
24839155
26022052
26183860
10734881
10488582
6430503
1248549
2041978
1964773
1017340
1015104
10765717
24704604
2280983
1051919
10563025
3993392
5402205
1624701
2376738
1982553
1322081
6800763
2972805
1317893
1105448
4256704
2266558
1072295
1418173
1109137
2258733
4741308
1041585
2113400
3824576
1881837
1137681
19975143
1908517
3223715
2136303
26655949
3810699
4259311
1034653
10867815
25800339
1921420
4258636
6712512
1891221
7053242
1924903
1928500
3993390
3007640
3218229
3519776
1185910
1274986
1507657
2261243
1049464
1014903
1171724
1129596
3787127
5320661
1005619
4179027
4252093
3537575
6004479
1907859
1393214
6857554
1394420
26648132
1165091
3519722
2184056
1817494
1317891
25904912
1042938
1056079
3116596
6004480
1066538
4049861
26325673
1012560
1255985
2273650
1122765
1834247
25783206
1278419
1415338
1089886
1045566
5383585
1077655
2118290
3368865
6395218
6877560
2149717
3223713
6534693
3993396
5419486
1028843
4917249
3894895
2280984
1543917
2371898
1838327
1455279
1849632
2045798
4721429
3066095
1004376
2229236
1056883
2341188
4264564
1021809
2159115
26642247
1440358
1891789
1891413
10618526
19975139
5353300
1257360
1423254
1844792
1022951
1478448
10743516
1012890
4046893
1433477
1214303
4732144
3549894
1010122
1009706
1007577
6528558
20273219
1027427
1810785
2139227
2226332
1223808
1002262
1133565
10752087
1042011
1510451
25797852
5407722
1559380
3584770
10553398
1146536
1014173
1010036
1214305
1000570
7001042
25809959
1393564
2116497
2150090
3154400
1081778
3134073
1221273
25818901
1626882
10604785
1052803
1507429
1062971
1802061
5403733
3521094
2282707
4932901
1838882
1409305
3422709
3101812
1214300
26437816
1015144
1110159
1200560
1287864
1925933
1705591
3284954
1844794
1321543
1029723
2069630
1469028
3598040
1330007
1988066
1921294
1874796
3184340
2155417
4909052
6313273
1270577
25784005
20271619
1912531
2382393
3843962
1559728
1467508
1924904
1545936
1017788
3183666
1142734
10761238
3258991
1078783
1055480
3646976
25773555
26586797
1070380
3069029
1807798
3843960
3464799
5403725
25823805
3994814
19935542
6105383
2281316
1292431
3995581
6401121
