1264579
1422833
1089518
1793132
20397330
21778489
1089512
1089521
1704006
24743902
20397327
1093078
20516999
1768100
1209676
1480630
21778389
1089511
1089510
20516996
1089523
1738644
1089515
20516998
1738639
1089517
3034205
21778097
1607112
20516992
24872480
24870338
1521829
1088088
20397326
2245889
20397341
20397329
1089509
20516997
20397334
20516994
20516993
1738640
1033866
2170250
1089519
21778288
3782078
24743901
2292271
1136997
21778316
1089513
21778498
20397343
1394296
24760712
10618119
20397344
10529099
24871623
1136994
1209675
1136998
24708299
1704005
1117078
1139873
1088089
24760709
1738649
3782084
11580823
1264931
2245873
1512741
1207626
3782093
2292275
1089535
1219167
1738651
3782111
2170313
24743903
3782096
3782125
2245856
1137042
3034247
1607113
2059009
3550480
1089522
24871659
3782377
24760707
2003483
24708300
24760705
3782366
3782089
3550470
24708302
3782101
1738645
24708485
24708486
3423697
2245847
3782005
1920459
3781979
3782162
24760719
2377138
1635897
3782148
1850441
1004128
24760718
24870347
1440941
1513097
24872510
24871632
3550472
10742454
3782138
3550505
3781988
3782158
3781996
2287716
1738638
2377134
3550493
1209674
1394286
3782361
3782370
3782378
3781985
3782393
1089516
24871619
1089520
2995905
10742468
24872477
10742457
6097478
3782390
24705157
1264578
1941266
1088777
2287691
3782036
1209671
10537493
24871626
1038140
24760716
3782050
3782051
3782047
1089514
3782055
3018404
1137000
10739724
10739726
3550489
25733651
3782118
24320177
3782150
1607114
1607111
3782142
2003492
3423729
3782123
3069421
3550483
1738643
1339843
2269104
3782030
3021860
3782007
3782003
1687345
3782026
3169202
3021829
10739727
1276235
2245911
3782039
3782065
3782072
1982004
3021826
3021841
1136993
3782060
10739725
3423731
3782385
3090993
1056335
2061610
3782382
3021858
3782035
3080388
3021835
2245960
1440940
2995903
3423696
2231418
1494760
1494764
10742449
2269087
1136999
6973743
2245915
3550477
24853142
1738650
1339841
25902238
3427786
3082876
2269118
1144840
5382067
24852794
1209673
1738641
1041810
2287840
6719986
1512974
3021851
1776130
1512259
1513095
2075441
25955175
1117077
1873614
3423733
2269122
1327332
2245859
1209672
2996780
1172466
5406990
1607115
1169294
3558777
1089532
1164518
1164813
24751919
3782023
10739728
3782063
2038138
24705169
6738629
3040996
24705163
1511813
3067656
3423732
3782037
3036570
2210153
24705166
1165275
2995922
3134774
1052072
2139143
3034235
3034240
3021840
4270926
6023771
4270934
3057707
2245800
1394291
3021836
21266980
3586693
3021831
4270925
3082938
1394294
4270928
3243929
3060505
3361400
3034245
1138580
2008172
3021865
3063684
24751930
4267084
1327815
3021864
5350896
4270920
2287729
3021849
4127735
5350895
3361421
5350894
4270922
2980757
3550389
5350893
3053431
5350898
5350899
3550373
3021862
5380929
1761064
3882640
5504368
24523869
24523879
24914618
24523809
24523808
24523856
25873592
24914450
24914202
