6082808
10594787
1008145
1858513
1007305
4123116
4908885
1017143
2035162
1057244
1068920
2035171
2035179
1083428
2253381
2154960
1856494
20443559
1865089
1008988
1064275
1085860
4881639
1141406
10779650
2053249
1086249
2046807
1449351
1855364
1083433
1858568
1040211
1858576
1061803
1136881
1082518
1119522
10738023
3043562
2283920
3136271
26700416
1483894
1013380
25717151
1456692
1069848
1401841
1024197
3169746
25782520
2042538
1964774
1449352
1213546
3183775
1786670
1038196
1469878
1077492
1019568
1201821
1043815
20279673
1069059
2253380
1052074
1007433
3076984
24745649
1022632
1060774
10759466
1391191
1005521
3131626
1803022
1205370
1007772
2193876
1006113
1082584
2302217
1119839
1085470
1088065
1880831
1859108
1052203
1092335
1398395
1318126
1082387
1016003
1010472
1860750
3136255
2029680
1056023
1013502
1049957
1205054
6714015
1029553
4139056
1186392
1880992
26606903
2046977
3597031
2747765
2050779
1058661
2160226
2158684
1092168
1033997
1457778
11524204
1013416
2170030
1085021
4115698
1083477
1201620
1005918
2036569
1082522
1088812
1051193
1818583
1894742
2036561
1858583
2253379
1470625
1467519
1849791
1883353
1046209
1144385
1000856
1885224
2160230
3024282
1014144
1255288
1880829
4149805
1449348
1481311
1048173
1427302
1009094
1035848
1047138
1040397
1085848
2063329
1856025
24257229
2039931
1012637
1031741
1028816
1008357
1100783
1097835
1860757
2032523
1043008
1885214
1427288
1081422
1430530
1211572
1861516
2193879
1885215
3275645
24872789
1880987
1203251
2174410
21993104
1013469
1254731
4908877
6004630
2042562
1083474
1174722
1098643
2026658
1214416
1062694
1011228
1009285
4872919
2046909
1089049
1880825
1082147
1212469
2253402
1880986
1880991
1889128
1021615
1362693
2042629
1983479
1077778
1083429
4894485
1073744
6313496
1874411
1019628
4275017
1019817
1031354
1085477
6736428
1042053
1097052
1006197
1159939
1437488
2263077
3127852
1213945
1036397
20393646
1873900
1042168
1083435
1001924
1880824
1000517
2161691
1141405
4898521
1135537
1203244
1119528
2042631
1083434
2221902
1950809
1071981
24935031
1030469
1373788
6152978
1016880
2050767
2033107
1075492
1170801
1001136
1880827
1035478
1292227
1851058
1148843
1279212
1090109
3272411
1010898
4125911
1083432
1174721
1174703
2254615
1212488
1397467
1893972
1996678
5406558
1186350
2117062
1880990
1076330
1119590
1883349
2349930
1196725
1275608
25745879
1157014
1152701
1255326
2323413
2155823
1012117
1009043
1275907
1892291
1050368
1559665
1035477
1009938
1507315
1072774
1909973
2042167
1078554
2174400
1643566
3136267
1894740
1880823
1647083
2161700
1261842
1072319
25746683
3815129
26688733
1001065
1040126
1882915
1780564
1066558
2348135
1083431
1119498
1053759
3082882
1279113
4199711
1917962
1885262
1258498
1039809
1018482
2170469
2364762
1916451
1187107
4893071
20507368
2253389
3100585
4832194
1370297
3100584
1748848
5062697
1160320
1068337
1337711
1803641
1122914
2994181
1888031
23858366
4881640
1034106
1929958
1055234
4243288
1005801
1026547
1760094
1212486
4711466
1885218
1093098
1006967
1075371
2219098
4619135
1878265
1321544
1858493
1083430
1464989
1792474
1185636
4719265
2328539
1072363
6152976
1012489
1644403
2215160
1011702
3523063
1784153
1774227
20470853
1648606
1032431
1121460
1021409
2364765
5920821
1092246
1088028
1203622
1087036
1926728
1894745
3127268
1028693
1462162
2295122
25985683
3132511
1088743
1039840
1030699
1961808
1885213
1199034
1204488
1130069
4881637
5406568
1069405
1034922
6791962
1725606
1083476
1088029
25836288
1621745
5063804
2253375
5406563
1070759
2253413
1885223
1881837
2050777
1069249
1045934
3810699
3131613
1185912
1891221
1119471
1017749
3007640
1748849
1027002
3797322
6786971
2036576
1201946
1008003
10801039
1276032
1793006
5406573
1013980
1129596
3851791
5378434
1193101
1101543
6730333
4881633
1021623
1159935
3744657
2193881
1855425
1116326
3131641
1039020
1705123
25920210
1085856
1027786
1045926
25872063
1164423
1987986
4881634
1002958
2193878
1765512
4872917
4893870
1885261
5920819
1955405
2024848
1205372
5063805
1023467
2036573
2193875
1066217
1228109
1885070
3904329
2169998
1445558
1125266
1212487
1089886
1033148
1428018
2042638
1464692
