25985021
2567698
26276775
26264154
1084336
26295448
5363767
26707295
1858513
1012611
4242172
26314627
20440644
1775691
4908885
1054685
1291204
26292964
26418475
26150549
3836566
1017143
2035162
1979199
5375620
3026879
3410718
4920007
3608208
26677905
1034282
3930318
2284311
1292409
26363926
1467022
1783098
6511362
11445548
2035171
26390842
3261600
26612919
6789605
1045818
10785583
6811366
1856494
3406401
3057556
4124727
1865089
1102715
1261560
10555509
1320282
1431870
1003000
2340100
6152040
1292405
6781794
6425061
3899039
3260902
1393447
10549934
20492550
25961458
1225983
25952961
5989373
1315190
1071227
1004821
10512506
6431994
25782902
6434486
5990251
26320417
25970429
2060491
1077528
1322455
1277981
1418058
1400030
26593192
2283920
1468426
1209899
26672408
3025618
25902448
1015864
25978763
1032063
1958685
3578470
6800379
4071842
1041385
4579688
3673771
20501147
1004322
26369699
11528350
26363718
20376604
4313207
1058131
25847717
6913343
5330333
1964774
2083981
1213546
3522695
1034067
4146756
1059258
3006742
1201821
26279878
25858068
11632344
6789551
4258830
25928708
25697555
1060117
3389960
3765331
3266968
1056461
1949679
5406559
25752043
1068912
2240482
25811516
2194123
4313080
6965746
1013225
1060774
3158482
10759466
1949420
3642673
1017334
6854525
1021273
20444403
2136484
1015748
1070820
3131626
5408882
1803022
1292412
4773224
1033248
24697776
10539126
1269900
2193876
1082584
2302217
20376550
4745949
1165173
1963912
2256351
1216737
2359052
26298597
1036541
26388373
1061242
3151990
3688489
2212371
1135734
5063384
26609148
1012307
2101774
2025235
2165037
1008189
25913619
1359005
1079252
1221479
1783111
1052203
3740431
10565151
1005354
7057936
1863497
6313461
2328178
1004699
6855803
1317485
1034279
25963469
3117464
4836697
1045119
4167567
1534951
6749832
1040466
2334065
26184242
3697494
5940553
6397522
26584727
1014578
1322336
3007268
2359003
1286547
6896459
1322358
1017238
26583471
1056023
2340609
1049957
1010204
3025921
1315199
2165076
2277299
1187842
2033081
4131380
2046236
2116916
3410709
26150390
24863163
1274469
20376605
26544961
1012032
2999785
3834938
1761759
1058661
6879356
1006560
4908883
5379664
1409704
1995655
6828176
6526752
3101021
25911978
1003986
2165063
26354200
25881325
3648316
6754574
1033190
5991872
19964304
26136989
1849409
1005193
6797919
1492634
6313462
6711405
6687032
10773362
1433377
1484425
20480879
10540001
4934845
4115698
26706346
1053623
24878420
1063852
3693974
2076623
20326626
1460313
3067169
1433411
1911687
3062632
14439405
17153313
1038292
26388427
26433665
3071402
10485011
1028268
11607261
2304817
24257486
1116367
1762527
1022318
1358136
25819842
26612363
1227966
1071023
3228668
1139360
10601137
1400195
2216583
1070007
6391212
3431988
4864832
6890903
1787729
1045201
26579284
25742296
26308917
1021056
25774978
25889953
24748615
3111928
25908550
25971624
24525766
4241023
1045716
5332713
1277259
26591902
1020547
26718556
19976381
1030554
6822342
1247769
10746177
4898627
25746662
2376506
3815126
4745950
6313524
1030898
26644896
1003692
24732529
1274953
1475128
1061029
1089142
1041452
20411692
3413836
25829287
25723773
20499157
3432953
1000445
26577765
26700926
1315213
26598486
6558202
5422665
1418180
1048173
1049136
1485625
10539147
3222065
6780545
1001356
6110110
3371227
1456524
1657455
1049522
25733170
1002898
26303520
1315184
4246968
2066374
21570668
1107841
1485224
1083089
24754537
25846075
4766921
26319527
6790474
26293290
26427913
24257229
2039931
25850118
20272112
25867785
1437687
4120475
1905742
1150503
1823785
3842847
1095849
1051943
1776683
3034480
3684193
3401286
1011215
4244859
1025001
1105890
1916533
1438539
2893591
1193622
1218321
3566368
1018360
1159967
25733957
1064734
1277169
10488619
26159020
10594802
11620497
11600479
1277275
26004339
24839553
7161523
1089398
1016486
1065977
1391740
3339862
4908879
26638771
1491630
2296687
1986335
3521728
2193879
1060531
20258504
1079104
1139980
1460340
26295983
1051097
3245212
5312095
1002582
3287650
2051819
1451270
24325270
4098263
3669408
2987179
21370558
1053009
26392337
26627933
4903266
10559282
1067236
1775264
25986624
3116096
24722609
1034259
1888215
1500045
24845883
1005915
2305738
2995621
26604925
1433192
26411141
1608873
10877051
1033163
10588021
