26688605
26306686
26582558
26658379
26698020
26582822
26297606
26275177
26296352
3719533
1786387
6709783
5913475
5346110
5243775
26664352
26695338
26390229
1261560
1033778
26324497
6798611
26608585
26665230
26314063
6021440
3682751
25863621
26541801
10945606
3151575
5989373
26163553
5287474
25782902
5914587
1322025
26314955
20429677
1017180
5325618
6536593
3000997
5408886
26270679
26362040
24880341
4882120
1020644
24851460
25844463
10828002
1970428
1220853
26682111
1058131
26697242
25942507
25968115
25926542
26290085
4243770
24092345
26702493
10799082
20473412
26594366
1894695
1072438
3002878
4953707
2223180
26178426
25752043
3225979
1031526
26585057
5421787
3900987
3432304
1084435
24738302
3223711
4929844
1028842
6854525
26374036
4075835
2081876
3291111
1958714
4012143
1269900
3138847
5320866
3688489
26372738
2382433
6718487
26411602
25902226
3097539
26362997
26659659
24854628
4020857
10733032
25747852
26379069
24753651
11528220
5297291
26644808
3891900
25947310
25779342
3025921
26388011
5939751
25908079
2348372
5921213
2380307
5402682
26400900
1919072
26596778
20272113
1059769
26591077
6801742
1473250
3922162
11589950
4723970
26586799
26611940
5914475
10484709
4899351
25733593
26237302
24745639
3320425
25871778
21359609
10773362
3055719
26288194
1867642
25928983
25975454
26575141
11516567
1046164
1059490
1958120
23760469
3869949
4326057
10485011
25810506
2304817
25876611
25779152
1972412
4051739
26308014
6429781
2051332
25800616
1457028
25804890
26308917
7007666
24748615
1443196
2983683
24541955
25918895
10572016
2158889
10510736
1045862
5341225
11530078
26630833
3224929
25980669
20505765
1004118
5914480
1022936
26278639
26651382
2111085
1038977
3043970
25876757
4050758
26272662
3006483
24523169
25909355
26688084
1433346
25807982
4010196
5269192
26032227
7051113
25890247
10544307
25846075
1752349
1780208
25813579
1083403
3869711
24714655
3134517
3816827
25986746
4244859
26643780
1128313
1100470
1464593
25714687
25777433
2081341
2189613
5348144
25927672
26659834
25857804
25823036
5325852
5344908
10605328
1059824
20480678
4036180
26702089
10786476
1082593
11589951
26319982
2064450
26323530
6980818
5997269
25962759
5921785
26008422
24700126
2005726
2048893
6712293
3313363
4894568
25849758
4736118
10765392
6743298
3595095
10588021
26589080
6851648
10568352
10799984
2335844
4822145
2015368
26315800
26220259
4208757
3932520
1156866
2382899
26327897
25808226
1429642
26435358
10796954
5399425
26695045
1790456
25732463
26376865
26709089
3725829
3000660
26361652
26335642
4238931
1319893
5379353
26646553
25782608
10484712
6512188
1013638
1085935
1424955
3127834
25843334
10588814
6753830
5253757
1435907
1435909
26697074
2309689
1769449
6967535
1311874
1313124
25969067
5302113
26329401
3853342
26435017
1578545
6052860
4010197
25893995
3413365
24700123
26437067
1002474
3164123
4894684
22229485
6404010
11599407
25758308
26183356
4100680
25766700
5431183
25885921
1083444
25831015
1011617
26386566
3027464
1161817
26611892
26598389
26393046
26658944
1429901
26431332
2354988
5415644
10453927
10788371
25785829
26273310
25873066
4594514
25958751
3313327
5313010
2781039
25795595
26697460
3393766
1042567
26256719
20492093
26382598
3735295
26686685
6522698
3889178
11525290
4860526
20283567
20453004
1962687
1438948
4246667
4238941
25886309
25742411
7054652
1318427
10446295
2015536
26164637
1499783
1057378
3265599
24530336
26022186
25912159
6851608
26302594
25843241
4030556
4225644
11510870
26430818
26320379
1473323
3063888
26333844
2169896
26335181
26236449
7051024
2791877
10588290
4846035
7015950
1279659
26642422
6779576
24862722
1166000
26599189
25927569
3794450
24305938
19977078
1913066
1159949
20270741
1780035
24335672
26324886
26253507
20434393
26319626
3291970
5322646
26357206
1157539
4010186
25850045
4851372
26410894
25723799
4118751
1427527
4867187
10433837
24902403
11601991
6885274
2131777
6556296
6999354
25749852
6720539
1159373
1085646
25875806
1949744
3184666
4238939
4039936
25747269
3434087
3043491
1104943
25962840
1949390
26612166
1084471
3631947
25925957
26604221
25862775
26318341
3622624
3233988
26465430
1074945
5362909
20365163
1467393
25861518
2155342
25790070
6827453
25663953
1015133
3419122
10741914
3717183
2008542
6938350
4217139
3845101
3391796
1484018
3350931
26393438
26349459
5299847
4191818
5408875
2257609
1291075
10565381
1853323
11632326
