20440644
1023045
26672748
1062343
23008971
3239549
4842446
19958089
20441569
1059336
26323408
26599283
1212199
2142687
19962936
25944034
4313207
1005358
25731506
2042063
2240482
1084257
4238162
11588848
20280677
1924213
3888123
20433554
26427244
5269439
4315361
26283182
1914636
4912688
1130367
3393056
26372408
4809777
1859140
6534897
6974582
3316438
24525766
20433556
25917467
3411679
1000531
1291211
26248240
1036787
1048173
1433346
20424572
1456524
5914484
2045811
2988943
1314765
25807918
1049215
25742023
2118743
24876899
26586326
1777823
1015403
20433553
1805764
1191433
3323311
4905854
1005353
20266235
6397293
1062423
3662230
3206771
25928984
1983479
26671867
25886167
25853069
1051231
3863494
1345845
5383175
1030307
25879527
10563588
26578129
1288913
25936051
26298299
1418648
1036478
10541061
4189980
26674220
20433557
25708139
5404877
25752284
1050951
26681315
