1003479
1088581
1046492
11601199
1203426
23779370
3284547
4903692
1147193
1883245
3707886
20501147
1964774
2083981
1059258
10434849
1077847
1949420
1021273
1014561
25961497
4167567
6557925
2005705
1836555
3007268
1491153
1286547
2029680
2046236
3410709
5327690
2032141
2747765
6879356
1409704
1626883
2363834
1007196
1264104
1849409
2076623
2156168
1823533
1020547
6822342
1073708
25844774
4124716
1315213
6780545
1456524
1107841
1907655
1032967
26614139
1011215
1002513
1961670
1072316
4218686
1491630
1139980
1021990
4098263
1012929
26042406
6004630
26627933
2042562
26433093
2039292
1608873
1033163
1393724
1014763
1013267
10956248
1066108
3916132
1254942
1142794
5038752
4240739
1031794
1034470
3191229
1060298
1921589
2281861
25819935
1203421
1042053
6436972
1009789
10796035
1287865
1081144
1040382
1926289
2377241
1528482
1042070
2381748
3007708
26298766
5355300
1021709
3787085
2191536
1480858
3746915
2282706
19981641
5038750
1041366
1132550
1691802
1936629
10568017
2988964
4767483
3522118
1012561
1082446
10488580
1016864
4146127
3507487
6100919
1022914
3409620
2271222
2115906
6126239
1055347
1008094
10807797
26603400
1204398
2049128
26315615
26357810
1489670
6097211
3223719
3427162
1253292
25969313
4269888
1203363
21649772
1420734
1910477
3226602
5253759
26292998
1314467
3042785
1025808
2147370
13221012
1427450
2988970
1064101
2195980
3722967
25867690
1207847
26678725
1014678
25778846
1443964
2008436
3117247
3124589
1921597
1834541
2230072
6725981
3226595
25902867
1025576
7000811
2349498
1022232
3223717
1181370
1006624
1447232
3465962
1440885
6790302
4917220
1678412
2076962
1057843
1270551
1270509
2049866
1895965
1442239
1436119
1146537
3117249
4090803
4142964
3057741
20495024
6810086
4917251
5914483
1929958
1022938
1076598
1108762
24879935
1277267
2382953
1851955
2006842
1006967
1076013
4023798
1321544
2052471
3289277
4843456
1092614
5355458
6725979
3755149
2030606
2052475
2000641
3088963
6853265
1921441
25660928
1000888
2300690
1644403
1017795
3741357
1968882
1931318
1438098
5903915
5343931
4892923
25774247
26183860
25742184
10734881
10488582
1912129
3433208
1003003
2041978
1964773
10511253
1019232
4124876
1017340
6781745
11629131
1015104
4106854
21330892
1794583
7047238
2280983
4164620
1051919
2052713
3993392
1825043
2029640
2376738
1982553
26607617
25943155
4162766
1072295
1511511
11542550
3007220
26384277
3824576
1150414
1881837
26388004
1030526
1065335
25843816
1082165
3794107
1821216
1137681
3711433
