2035162
1068920
1083428
2253381
2154960
1856494
1008988
1064275
1085860
4881639
1141406
1086249
2046807
1083433
1858568
1040211
1136881
1082518
1119522
3043562
1013380
1401841
1024197
1213546
1786670
1038196
1469878
2253380
1052074
1007433
3076984
1022632
1005521
1205370
1007772
1082584
1085470
1880831
1859108
1092335
1016003
1010472
3136255
1064841
1013502
1049957
1205054
4139056
1186392
1880992
2050779
1058661
1092168
1033997
2170030
1085021
1083477
1005918
1088812
1051193
1818583
1894742
2036561
1858583
2253379
1883353
1046209
1000856
1885224
1014144
1255288
1880829
1048173
1035848
1047138
1085848
2063329
1083089
1856025
1012637
1031741
1860757
1043008
1885214
1427288
1081422
1430530
2193879
1885215
3275645
1880987
1203251
1451270
2174410
1013469
1254731
1083474
1174722
1062694
1011228
1009285
1082147
1212469
2253402
1880986
1880991
1889128
2042629
1469598
1077778
1051714
1874411
1019628
1019817
1031354
1097052
1006197
1159939
1916461
20393646
1873900
1042168
1083435
1880824
2161691
1141405
4898521
1135537
1203244
1119528
1083434
2221902
1071981
24935031
1373788
2050767
1170801
1880827
1035478
1851058
1279212
3272411
24531360
1010898
1083432
1174721
1212488
1397467
4859493
1893972
1996678
1186350
2117062
1880990
1883349
2349930
1275608
1152701
1255326
2323413
1012117
1275907
1892291
1035477
26371154
1643566
1880823
1261842
3815129
1001065
1882915
2348135
1083431
1119498
1053759
1917962
1885262
1258498
1018482
2364762
4893071
2253389
4832194
1748848
5062697
1803641
1122914
2994181
1888031
1034106
1055234
1026547
1212486
1885218
1093098
1760134
1075371
7007770
1878265
1858493
1083430
1185636
1012489
1011702
1085245
20470853
1121460
1021409
1092246
1088028
1087036
1894745
3127268
1462162
2295122
1088743
1039840
1885213
1204488
1130069
4881637
1069405
1034922
1083476
1088029
2253375
3078243
1070759
2253413
1045934
1185912
1119471
1017749
3797322
1201946
1276032
1193101
1101543
4881633
1021623
1159935
2193881
26331659
1085856
1027786
1045926
1164423
1987986
2193878
1765512
1885261
5920819
1205372
5063805
2036573
1066217
3904329
1125266
1212487
1491853
1818426
5264463
5945451
1893466
1937228
2308408
2032561
5996565
1040632
1072508
1059112
1102497
1136277
1125283
1072015
6012787
1011399
1098639
1210736
1916464
1468560
2050778
1076728
1142578
2161692
3024283
1511533
1089890
1034449
1205430
3903121
1918325
1205373
1722720
1466999
1880639
4881509
1202658
1083483
3024280
6041310
1028964
1085902
3030892
1054915
26320157
1195054
1033057
1228395
3185734
1205778
1210735
1074803
1095191
1962883
1420508
1021209
1085467
1203212
1096469
2253414
5988638
4902445
1083436
5920833
1205394
1058488
1208002
1084973
1519058
1427784
1090880
1056657
1205419
4893069
1459046
3101720
2357268
1121443
1083427
1092264
2050776
4881636
2171661
4811917
1105146
3689442
2048650
3184849
3164521
1083473
1123663
20414863
1088030
3480384
1629671
1065264
1027814
1203258
1427281
1085552
1526690
1958115
1253244
1685867
1023295
1204179
1283223
1162930
1290181
1796861
4628394
1491855
1885227
1128700
1547860
1828383
1471278
1894744
1753403
1032126
1082945
1841531
1426166
4210928
3354936
3131605
1022210
5446437
3024277
1003650
10580306
3144827
1007045
3024278
24888041
1987987
3023514
1041015
2033808
4266039
1309469
4847333
1858585
3165990
1234963
3210501
1512884
1048826
1420500
1205775
1011709
1035475
3222845
1047173
1001309
1498819
1511457
1020715
2044034
1832460
2259223
1214171
1126207
1120648
3652689
1933695
1089733
1064532
1380716
1057702
1532829
1907894
1914223
3542734
1786582
1203122
1060452
1894746
1205351
1935037
1041104
1000728
1005709
1034741
1795956
4742954
2032651
1083170
1534810
1205367
4881508
1901841
1262979
2122322
2161698
3333491
1075791
1084999
1083475
1885414
1202025
1203240
24722053
1062478
4881510
1024577
1124615
1075392
24846632
1479771
1025321
1026961
2141139
1201947
2027999
1082156
1089893
1657782
2122217
3100579
1070844
6313522
1042783
1866992
1205431
1123597
1109479
1205076
1083265
1053536
1045184
1050609
1695811
1109564
1204231
1050901
1512245
1125284
2264147
3597831
1037725
1856498
11528355
1254249
1084485
1088164
1409878
2037053
2048297
