25862578
1770782
26704403
26576861
6082808
26686625
26425831
10554308
26382433
26701959
3259440
26657740
26340138
6781808
26276775
26586492
26264154
26210487
26344078
1084336
26295448
4820710
26357614
10594787
26707295
19894080
26606366
1858513
26628811
26371317
26665498
26698598
3162991
26451351
4123116
26641665
24934182
25985982
4117922
10763902
3211779
1012611
26662689
26640439
26362836
26685994
1775691
26314954
26607924
4908885
25886351
26657701
26394018
26591906
25924253
26354440
26580084
26275572
26292535
3646172
1046265
25884880
26364209
26431326
26647054
26593670
26598807
25829693
4011670
25976544
26150549
3836566
1017143
1863930
2035162
26682066
3026879
26631867
4920007
3608208
7060185
26690624
1034282
26356948
25957852
25796120
2284311
1424741
5437113
1292409
25892399
26120130
26305561
26269845
11614503
26300508
1783098
26308505
1813841
26328639
26387640
1068920
26374532
6511362
26694664
1062343
11445548
3369600
2035171
26276924
26676298
1400705
26642866
24153048
25746578
3261600
24382569
1263399
26612919
6789605
2143732
1045818
26653000
25762009
25708359
2035179
1083428
2253381
26591590
2159042
2154960
26320883
24859822
20507206
6797396
20428302
6811366
1856494
3406401
3006581
25752955
26584559
20443559
6712255
26672693
10554309
3057556
26298832
26681985
1041007
4074636
26394876
1865089
5269222
6973970
1008988
1827374
26413027
26118072
1064275
10774752
1085860
10555509
1022238
26602467
25883305
5038409
4881639
1141406
5414391
26673089
10779650
26111124
26298590
26584746
10560798
24736899
1431870
26681709
26261735
1062193
26286208
4010969
4742918
2053249
1086249
1829226
6152040
26575658
26292057
1336330
6781794
20441569
26365959
26264967
1059419
3899039
3402999
20392523
5299764
26276743
2250587
26591790
26609809
26594676
2046807
24753751
26053771
26372186
3260902
2297697
1393447
1083762
10549934
4009552
1291809
26376603
1225983
26426917
26280924
20515828
1040771
25777432
21979017
26616226
25959838
25952961
26376049
26319730
25897476
2326403
1321789
26295450
1465324
26323408
1009257
26431631
26367367
1056295
1004821
3673651
1007914
1071241
1115353
4105446
1461987
1039487
1083433
10512506
3391248
4187411
10512236
25756725
26354318
26584387
3228779
11584574
1858568
24845582
26427575
1040211
26627837
1922216
21267489
26377363
26253714
25733470
26262141
1858576
26617142
1018136
1097397
25970429
19920715
26412776
7065521
26430928
25891771
25858680
1136881
2052049
1082518
26349261
1119522
19963470
1917972
1277981
1432596
3187737
26425832
10738023
26258374
1037602
26577690
4885241
25815309
1418058
3043562
2295163
3102324
1017839
1005492
1316648
2283920
1013129
2158161
26022097
26325928
1292416
26264210
1258490
26672408
26410730
25982254
10569619
3136271
3025618
3808982
1080370
1394364
25876750
26689063
1015864
26677797
6746289
2158189
25978763
1442869
26676528
1958685
25891911
25954353
1013380
3578470
6800379
4071859
21460732
26671358
3826899
26576518
25959972
25717151
4579688
5366382
26378466
3673771
1807516
19962936
5993314
26369210
1004322
26314930
22993873
25944034
26353607
11528350
1417385
20376604
4313207
26422517
1401841
6016234
25847717
26591905
25826936
25941890
26599256
5330333
6712407
26276409
1024197
26276279
3169746
2132291
25782520
2042538
1213546
1786670
1038196
4152754
1469878
3522695
24541883
1077492
10768068
1039752
25924242
26327314
3597825
5958726
1201821
20470849
25845647
1036274
1440972
6789551
3757732
26630481
4262685
5502995
25752592
1794620
26315717
26264077
2042063
26436285
10488563
25848819
1008074
3831788
25697555
26253801
20279673
4011440
1060117
1818347
1025643
26570629
3054821
4908872
1069059
26664122
1223845
2253380
6097966
3765331
3347997
3266968
26110579
4580972
3920130
1056461
1872158
24107596
26686231
5406559
1052074
25900802
26375108
4714015
24163576
1007433
5410174
25985126
1084257
2194123
4313080
3076984
26276923
1022632
1013225
26575679
1060774
4928387
4238162
26286330
3608235
10759466
26646633
26348734
3014444
26342182
26298572
6428468
25934300
1017334
21966353
26603456
3013903
1433640
6885341
25712811
1851385
4245064
26384735
2136484
4242406
22638869
1005521
6265745
26286299
26388269
6805144
3131626
1803022
1292412
26596363
1205370
1033248
26235729
26367364
10539126
1007772
4154988
3191044
2193876
26616452
1006113
1082584
10604915
2302217
1376056
4605558
26640948
26534892
1119839
20384337
20392525
5347699
1400707
