26469245
25957852
6797396
1882933
26307399
26303224
25752955
1041007
1948901
1003000
3426869
1336330
26686951
21979017
1009257
1071241
26675529
26320244
1039487
6431994
26617142
26578003
1926103
26613061
2052049
1916726
1432596
26425832
2295163
1013129
2158161
26647621
26628814
25891911
6953273
5993314
5916880
11528350
6016234
25826936
26437079
2373242
1938591
26327314
10740021
5502995
1321017
19936010
4737329
3608235
25934300
2057285
2298149
3191044
20473089
2149655
2056749
3266344
3785741
3800166
4173968
26671170
26267087
1059406
24538715
6434543
20381804
2334065
6974232
3034184
25832787
3816883
5254315
20472730
2340300
6964050
5391766
25825717
25811761
26652880
2265312
1464203
26671008
6974102
11528339
4202422
20326626
2337600
26325635
1007952
1986291
1919201
25735699
3268399
1220219
3155622
1470625
5394380
1399992
1212080
1144385
5326849
1939182
2201813
3115476
1340758
10608468
10763170
1481311
10488620
25831096
1031740
1418999
20370889
6964047
1485224
10537633
6790474
10763905
26126183
24877320
24882304
24871631
3210843
26596521
3056892
6437880
25880067
6523085
2057550
24863499
3889682
26586126
21352126
1192700
1316622
1040104
1085002
25768277
4188697
4898551
3920144
26390937
6798506
26111149
5363651
1036397
26603434
3198422
3903387
25805143
26284233
4920037
26598799
2297706
4212812
10605859
4164096
1975809
3191247
24283160
25900696
25887972
3143603
20440568
26369156
11527022
4219125
6808505
1010898
3705820
25712490
3315824
26283162
4934332
10574335
1341752
10749611
26377359
25921286
25900689
26578390
4920036
1451520
1431779
11628196
3124547
2568091
6779980
25829274
25778124
4922017
5264447
1975797
2221889
6952187
4903437
1511994
1009938
26686956
25829049
5423772
2271450
2143487
1047833
26609967
24853106
5319117
25714176
13221012
3147450
25829053
26341728
1461898
26666033
1452923
1071794
26134061
1437858
3909876
26274434
10468727
5417807
6265961
24882313
10809121
6802392
26281603
3522694
5906052
2222551
25880072
25880068
10770739
1863163
25880088
25815081
26603435
3610094
4725541
6793756
3321602
3241893
20379254
24531079
1161852
1400048
1888031
4202300
20273121
26683024
10875954
1668021
6026287
2298769
1344161
26600719
26409654
11522532
2253753
25880074
25829361
1420794
26545120
4218539
3787012
10529265
1146176
1058520
1466696
1316623
25731663
25832600
25851888
5026743
25768282
4853091
5912701
2382707
1008459
3560136
1321018
1316584
25869080
26133411
2382709
2382711
25869267
5276802
1961970
25836027
25973609
25782292
1467599
25962533
1925060
1436657
1441326
3338175
26115790
1344160
26148066
19936525
3191257
1283275
2286313
5950097
14278383
26275998
1063401
1410145
22933018
3210683
3851790
20394783
1256186
1262837
25719558
2285572
25897075
10786074
3431718
2981573
2350549
25921287
4129249
26264178
1057444
3315827
25908098
4922018
3854066
20273030
3866397
24852489
3566670
2382710
4199431
1972325
26267088
25758245
6973805
2570719
11639956
1433726
1878819
25921288
25712589
20379707
4320805
1433572
1291201
3419241
5905877
20389201
1770668
3335951
10875952
25768287
26411937
24757288
3563287
1461652
4097170
25748802
3253866
1209078
26417173
1921362
10875960
3292972
2300010
11539568
24751077
3042924
26299615
26256209
25923242
26289352
1326828
25921289
24871648
3871911
1442920
25954325
1506842
1965464
1958655
1180108
4937547
25922733
25807533
26125718
25742768
1010520
6729710
25830622
26636393
5938338
6813394
5984284
5248289
1221327
2288853
1469429
25816346
25897996
1028779
3418469
26647626
1058759
25754417
25808738
3091122
20003448
6969185
2376610
4199686
3628184
2136038
4313949
3931437
3033094
26263536
25830624
26338189
26435000
25835989
1436218
5915713
25713178
6890100
26125800
1291197
26647625
2057291
25245712
26261238
25923252
25787839
1221329
6868964
26283241
1288939
5291181
1232186
4192766
4895136
1559296
1441327
1370113
20645157
25957853
25968319
10529920
10566123
1029475
6556837
26413030
2330635
24283497
5417484
1350063
25971323
25830623
11522531
1430871
1345458
4252081
2049339
25923250
10566125
1422079
26545212
26647630
6802393
25748804
26274361
26594195
25910925
1434038
26647629
25997575
25867966
6732546
1187112
1214898
25885287
1007178
1853021
25767395
10546893
1478890
2298478
2040795
6129292
1318431
2988181
20473569
3823070
25739928
3330173
25885103
25732720
24358147
25923251
2567960
25751764
10618121
26289508
