25898124
1529893
2256438
20413794
1065970
1029159
1030052
6710720
1016523
1063190
26309123
1058234
1902628
20413880
3274182
3224818
2317973
4199677
24860561
3087020
1312333
6751046
6751042
1006073
6751043
3043518
25776922
5986107
3016219
4242146
3026449
1436348
25806128
6753739
2233893
3689573
3113567
25743724
6751038
6751027
4280334
3212046
1023500
6751052
24226730
2268080
6751036
6751039
3667783
4730201
10537434
10559925
26411187
25960125
1783517
11599188
2970301
25942255
4726734
1078790
26411182
25960126
1094500
1000396
1087145
2287189
26411188
3623125
26411185
26412773
20515281
26411186
3327047
3812447
5334296
23860355
2003114
26411181
2380097
1784129
6885912
2360801
6530522
3112013
6963464
1046083
4929234
1000398
3748428
