26295448
25886351
3836566
25986748
1783098
1082334
1856494
3406401
10549934
20515828
1040771
3228779
1858568
5990251
2244146
25978763
25891911
11528350
3169746
2083981
25928708
26676586
4242406
22638869
1070820
1803022
1376056
1963912
3151990
2101774
2003092
6557925
26281315
1010204
2999785
3834938
4882159
1409704
6526752
26281317
2062599
25882266
3649782
7174792
2076623
20326626
1433411
3654604
25756947
1228110
25819842
1228775
25774978
1045716
5332713
4171951
4246979
2174017
4898627
25746662
26350938
2201813
7014927
6946710
26699810
26592275
1481311
3606804
3174506
26303520
2066374
10537633
2251691
1905742
3842847
24871631
3034480
3566368
20278398
1876966
10594802
2032523
19964969
1430530
21692809
1986335
2193879
1060531
2051819
26437349
1608873
1085002
1084082
3765092
1066108
3910883
2122992
6851587
2568438
6313496
1319893
3681639
3733083
1437488
25705613
3198422
5332932
1829799
1812011
1051659
6510519
3875610
1736919
2381748
3007708
26263501
26315455
1794138
1057206
5355300
26704845
1279212
3123939
25876615
4812799
4922655
6826619
1082446
1024062
4293302
4746104
4843462
1186350
3124547
21712307
4726852
25707600
19970664
26262128
1489670
20516441
10449401
26319029
3866885
2213463
1280603
5290370
3628063
26646582
1088714
11601201
6527144
10483439
11528305
24855421
25707589
3146377
3042785
3147450
1949121
1400697
20391389
21363236
26539803
24859207
24876481
3069267
1827054
1335318
5350226
2116107
1140726
1066558
25849143
10344040
4202352
24876699
4823789
3908349
6725981
3226595
1254278
1280205
3654590
25892534
6878387
1351050
6436046
3610094
1840859
2280575
3321602
3873355
24699604
3241893
25718139
1020296
5450660
25900350
1050743
1019308
4874162
6026287
4833802
1277286
1444900
3266349
1055234
1465543
1902628
2064688
26409654
1051931
2125593
4835563
1315234
4843456
3787012
6725979
10788580
10599774
3410752
1085567
3784639
26577703
