26548374
25858712
25732461
11636270
25870117
10956085
5341225
25724107
26264961
26578184
20507377
24863442
1799984
4746130
10739339
25732459
1485694
25851843
26582810
25751861
25723797
4746128
20556231
6722886
1941558
26192379
3215829
25843910
26127475
5245503
26580252
26362040
1814344
1082917
3778181
24869729
25709161
3182236
2567565
26627809
10508651
21331220
26277411
6753011
2015118
25751865
4101013
4732427
25815588
20493662
19965492
26589714
26649167
26652398
6967919
24744471
6975775
6133476
25863878
6127070
2230224
1082345
26670494
5363512
5363500
26414593
25975191
6901684
1025176
2008961
20398515
6963795
26411821
23132225
4709276
26674064
5361331
4919888
5917341
1011882
26256719
25976825
6080803
5917342
20396718
1024701
26411829
25896671
10777292
5308684
26411825
6975777
3453038
21381630
26445317
11612133
26662451
25870200
26276634
19966705
6975776
3195465
26411826
5325443
6104664
25957359
1449661
3335499
6519019
25748532
1186769
1512493
5031358
7564971
3430715
2992779
2251685
19961336
25748536
6785627
3164993
1666836
6013399
2075154
25808040
4087705
25748541
25784734
5504242
24385065
5906033
3523018
4817401
5391225
1037606
2363666
1963931
2075152
24743351
2170974
26685874
6974761
3054506
10435895
1084157
3139661
1061563
5370403
2383005
2251673
6858058
2998046
2229165
2036343
1430475
25883057
5956650
5441090
6523959
4245043
6969147
24319001
25743090
2155225
5026735
10541773
4087706
3198437
5323631
4034939
11601575
4872957
26393655
3709561
22992416
1233465
6889121
1099912
20366375
1333136
1373551
4250779
5955894
3562097
4273923
19987915
6886630
2192122
1219454
25846140
3101909
2075203
2997067
26361748
25719315
26639789
3022902
2148895
25833194
10793380
26473477
26393743
1485767
20366372
4165219
26317435
21365390
24851530
2984209
25741239
5991551
25724418
6109470
10749639
4023893
2042173
10574274
2978980
6307972
26263934
1485614
25810077
3774756
4208357
25798748
6986058
6392672
1963172
3545931
1025414
4731560
5283692
4224272
25987859
2101245
11442968
6394945
26681233
3701687
2272940
1226428
1379213
3920495
6859757
11442965
1076863
2136107
25746678
2251668
2239172
2151266
1733079
26426101
10600666
2192105
3873251
4920444
2302098
26357446
26581317
11596165
5341224
5363600
2881170
26437844
3423561
2277180
2264817
10438243
10560277
26580233
2283053
1245801
6816303
1315458
4279141
25742206
11608720
3988505
6393974
3988024
5405063
1083019
2057694
1227007
5405656
6390863
4870712
10468349
6754861
3115489
3777591
5954022
2155165
1386759
3299740
4191716
26317717
2072398
1854277
2985662
3153347
3121347
6802741
1003394
1087244
2251671
3525131
4842339
2333271
3127005
4842924
3358307
4770400
1526775
25833231
1430472
2018360
3169688
22766683
1854276
11602627
6110191
2049800
1964420
3664057
4113982
25724429
2984500
6885068
1880609
1907808
11611146
11637153
3463255
1913931
10520068
4103734
3140852
3121336
2295123
4048256
10539651
3982664
4856052
2246861
10581533
2251679
3622174
3299647
1253545
24720378
1949876
6960351
6960341
4722538
2192012
4743941
4826015
1312724
6526340
2282165
1430474
2329951
4214093
10582540
1271698
2039642
2242493
10483092
2284618
25713511
26580217
3714253
4842686
1774895
26430390
4817167
2349667
4233915
1975948
6308008
4087869
3904403
1271705
1271707
1964604
2302031
26365865
2251656
24827880
5367455
3115490
1386878
1002297
5338212
2363623
4863883
6721212
4731697
26386980
1082459
25910889
26592113
2683692
2277182
4200937
5288249
1214706
25980625
24743109
1013768
2347778
5366191
21427029
1082083
25797606
3668787
25939076
2271492
24718341
4062547
6784426
1646934
1039160
24459765
1776833
2059952
2569878
10828878
5366192
2332215
2639064
7045652
5417394
1718594
2700447
1205851
20492796
4782736
1361118
2345638
4259649
1386276
6965467
5242726
4201568
1341269
1797291
10520073
4818840
3570062
4145437
2155831
3156418
1442829
2205344
1925415
1430473
3344834
1232936
2049835
2154236
2271495
2283014
2134546
2250081
10489210
4132249
20382749
1723173
5922068
10520070
2155228
5948774
2326643
5972207
3720177
1442892
6944783
1889213
1764296
2695071
3428942
6886631
2242497
5382713
3752529
2971121
1317633
2326642
1986461
2302030
1142524
2353462
4738989
1134980
4106562
3043634
3053749
3595865
2249240
1913935
4458294
1873338
2205314
1330828
3656514
1316895
10745693
