25862578
1770782
6082808
26686625
26425831
10554308
26382433
26701959
3259440
26672441
26657740
2567698
26340138
4913064
6781808
26276775
26586492
26414020
26210487
26344078
26700808
1084336
26295448
3066477
4820710
26357614
5363767
10594787
26707295
19894080
7163250
1008145
1858513
26628811
26717780
6710437
10517238
26371317
1007305
26451351
4123116
26278687
26641665
24934182
25985982
4117922
26669243
25747921
26658429
10763902
3211779
4242172
26662689
1023045
26640439
26362836
26685994
26607924
4908885
1082154
25886351
26657701
1200840
26394018
25809269
26591906
25924253
1041482
26692621
4238362
26580084
1054685
26292535
3646172
1046265
25884880
26364209
26431326
26647054
26593670
26598807
25829693
4011670
25976544
3836566
22714154
26680113
25984204
1017143
1863930
2035162
26682066
26647727
1057244
4920007
3608208
7060185
26690624
26356948
1061118
26666472
25957852
25796120
2284311
26575812
1424741
26648238
5437113
25892399
26659419
26120130
26305561
26300508
1783098
6518605
26328639
26387640
1068920
26374532
1062343
3369600
1088581
2035171
1253310
26674263
26276924
1082334
1060852
26676298
26687879
1400705
26642866
26272073
26653018
24153048
11589032
24382569
10564071
1263399
26662515
6789605
2143732
1045818
26653000
23008971
25762009
24754316
25708359
1089243
1090043
2035179
26603439
1083428
2253381
2159042
2154960
26320883
24859822
6797396
20428302
6811366
1856494
1882933
5337248
26303224
