26688605
1017180
20473412
1894695
2223180
1031526
5421787
24854628
26598926
26596778
3682204
4899351
25779152
25804890
5341225
5323008
2363651
25813579
2081341
4036180
4837333
6851648
26596248
1087547
3127834
6753830
3853342
6749472
20395644
26437067
20366457
4165856
1083444
1011617
5415644
1889450
20395651
4246667
1068606
11510870
6746174
3063888
10588290
3338627
20270741
1074945
25663953
23018929
3419122
2008542
26655503
1484018
3350931
5914498
25721226
5432449
6509957
3685882
5341100
6843244
24872319
25783682
3162179
1963140
2282191
6798414
1193831
2364723
1193658
3988148
5311622
24738953
4796746
5300079
5966160
25958166
3827035
20413922
25857969
2063723
25744409
3837306
1130519
25663745
26263689
1852664
1101267
24523626
2294740
26631548
3035175
5325859
1481803
1396512
25985738
26263559
23134237
26579377
5423082
25818674
26286068
1070175
1917628
1454371
1143222
3910220
5977133
1070287
1777410
2180422
6507059
1083653
3192038
1033488
5285375
3744558
1013916
26108557
26376508
1481292
4909716
1808521
6082116
4746273
25836351
1393426
6851214
4931797
2334528
2324366
5988271
6819534
26476872
25830648
1418457
4252800
1843327
1101268
1361766
1379556
1688051
6772445
1417377
10428900
5966157
1109066
3558783
1024932
1053420
10531533
3038329
1041003
5383540
1289157
5408888
5347817
24720352
10456111
19966132
1283113
22492088
1088969
24744996
5920342
5257990
25957010
3031961
24743319
1370246
5385350
3993065
6811698
1952242
4926117
1524558
26328689
1136648
3065982
1191978
6530484
10772650
3146570
4898788
10825552
1493709
1329553
5290524
25733106
5920214
1049727
25794720
1482762
1319369
1781918
10945471
3669688
1119671
1799166
10355207
20365782
26639443
1209080
1468046
1069193
6047919
1187419
25976087
4893258
4074927
24530309
1960132
11577301
1754965
3526116
1419685
1173013
1970573
25866968
2359262
1414741
10804422
2047886
4066788
3036230
20509187
1083686
24870504
5355455
2329855
24744997
25976086
1169968
3015753
6890457
1083895
25872454
4826451
1048633
6391182
1011884
1045683
3100605
1082355
3519867
1424969
1151845
1443349
1046490
10749632
25728205
1320188
2335795
25880721
4150226
1753047
1732512
1683606
1047551
2147460
26663738
3245082
1695692
3311930
1320180
6875368
1486759
3039590
2085094
1051580
26415071
1081291
2258204
1339140
1001972
1039678
1082256
1106333
3621525
5385836
1131442
1909583
1008385
6901449
4149745
4323989
4833367
3288675
1594609
4882493
3233400
1262491
3015751
1895758
2981035
3820857
1363807
25779425
1039007
1223822
4809262
1039876
1693626
6892003
6049827
25693097
26272144
5274953
4895658
25779416
1488517
1361770
4189127
1157247
3447742
1262450
3774728
1040492
1510468
20392277
6901990
3004307
2365117
1780602
25806796
5327903
1043322
24295915
1758577
1083414
1261559
6437053
1056001
6874697
4171044
25690850
10796949
2995429
1072154
26609399
1006158
3056973
3010684
26686952
1005499
6080846
2881170
6861033
1319837
4748710
1042441
1850011
4090199
5950669
1084686
1000065
4010182
25853922
26282757
1196151
4607262
25917834
25788943
1919502
5269231
4018957
4010224
2255173
26713384
3085382
1129681
1858137
1676855
2815166
24816689
3261605
1037737
4748698
1531689
3245111
6805520
25785187
2047482
5919492
1361426
6991245
1763400
3905255
2045593
1793589
4073555
1870373
10756568
6721237
1902558
1265836
1766060
21692576
19962913
2321827
3841249
26431302
1145925
1263759
1199717
1189213
3737357
1178658
1691154
10831076
1510869
3268822
10599628
4874625
20283577
3165260
24744995
1449010
25733348
2774287
24756847
5945462
1061913
6808299
19967694
1448988
3802448
3535047
10435681
1331052
25973285
1065709
2703299
4005441
4091976
1482309
2378599
1347635
19985614
19986471
1493172
4914396
1907977
25744890
1361785
2272065
1221408
2985852
2247777
6757255
1083644
1969449
3408846
1987612
1083648
7163319
10468092
1485329
1281380
10605190
1448962
3795567
1083654
6536786
6798478
5290565
14267626
1802767
3802708
10831313
1018654
2069661
3137052
24744994
20261695
25917826
4189348
1328027
6981899
4291535
2274653
1227605
3198624
1944445
2275476
6015809
2160911
1080338
2010632
1209034
2024626
10862845
4137911
2983375
26422665
1014248
1614574
1756606
25745654
3697472
19995886
26260544
1316014
1357098
11597915
1213877
1365093
1066407
3841247
1044730
1819395
