1863930
1431870
1941558
4230237
20376604
25811516
25858712
26676586
1444252
1870268
4151117
25732461
26658841
1319910
20387173
1070711
4082434
25870860
4101013
26278402
5408858
26658022
1507170
1326833
11628722
1009270
26710726
26681392
26334503
26427913
19912141
3204645
3521728
3287650
26685219
1850710
24845883
4011322
5411366
10355149
1637486
3389460
1436276
3933045
2348880
2382994
1515495
2247913
7060184
1276767
3908344
1793535
1088805
26278406
1515170
4746130
1393903
10739339
2036993
19977973
1257325
25732459
6905341
10793817
20373351
3340939
3565628
25805781
22994566
2249020
1603076
22994564
25723797
4746128
1493147
1578501
26594587
20556231
26291110
26667759
20271923
1578504
4214537
4145428
19955808
6722886
25811057
5333443
26699062
1046946
1450027
5924289
5262872
26360790
1496360
1177968
1394534
22404951
3141528
3071208
2260454
1051370
3215829
3658085
1400833
26420780
3835810
25736470
1041650
25982178
2081349
20561931
2281379
1114862
6889351
25806352
26587464
3649874
19971184
26127475
3449304
5245503
2381804
3094355
4254666
1661655
25930050
1089854
1903073
24888086
26695195
26413155
24869637
25769610
1496384
1052178
26580252
26410629
1264969
3160549
1444563
5423776
5408843
6743317
6965500
24714343
11524433
3054127
1309228
10550784
3783409
5290498
4100551
24845252
26693244
3730043
25859276
1124895
10488582
20389595
6990393
1912129
6728876
1527268
2031193
3778181
4167837
1418842
2363716
2057864
1048014
1437472
5942586
20280354
1861189
6968276
3182236
4909464
1492433
4893079
1879204
2376570
26416550
25751679
2567565
3624464
2037101
25810014
10539159
1971713
4880993
1515812
1103903
1460717
1905122
26598275
26676531
26265533
3111979
25843217
2331702
10508651
26320429
1584977
25535635
1455274
2118032
25747865
10785041
4252512
2997011
2655389
1537408
20278563
1439415
21323553
4882057
25886333
3496820
6857554
1331638
1608543
26670429
26611870
2372558
26277411
1157145
1410829
3613867
2201938
21339925
1266269
1153467
1500210
26303076
7162744
6789166
1580046
2266203
3905349
5275474
4818176
1661864
10539160
24733797
2972597
25720307
26653189
4191741
24698875
1804826
1169605
26544996
1390938
25774369
1342974
19934597
1579843
11603000
2376624
2972594
25844182
4145560
25910219
1455279
1462915
2081469
1515757
3464448
4851826
1791248
1751025
25867067
1458716
1108378
26337786
1057508
1114884
26411099
3440858
1396300
25897846
1440198
1452345
1932533
25996978
2638781
1914469
4263899
11613860
20254609
1116832
3522666
1394533
19965492
3682956
2126298
2132639
1740315
3712876
6877419
4238875
26695577
20269832
2997015
6973688
11603352
1775629
2237918
1955449
1688058
1585313
21346318
5354688
4102161
4257314
20495120
26422715
1437474
1462392
1580461
4136931
1484073
20394618
4191591
4884848
10955290
25905236
20433146
1762662
1739070
25929446
3143256
5922563
25663104
1397549
1124856
1625179
1105771
2114474
10774780
25863969
4264964
1807798
1316585
1628860
26049541
1114924
6971276
3612177
25764937
25850507
1026070
3182981
2242839
4241588
1042580
25936983
4313069
3156440
26641718
1636502
20261575
25957848
1762768
26610232
5244174
26265534
6808009
25788686
1061608
1003637
6435065
3067460
24859511
26680142
1705652
3547615
25960796
26426270
25959132
1031262
1313006
1178025
26321199
3247207
24525042
1883052
3908343
6808010
25815197
1049944
3410829
1417694
5994162
20375121
25780914
2006802
1752687
6394943
3347961
26413386
26631993
1962455
25891554
2043236
1114863
5323960
1958183
5920562
6963078
26183740
3834377
1870639
25836967
1683797
4812972
1515659
4201643
25970010
1793793
25699446
1444561
1869205
26437276
2342967
1943472
1426795
1703644
5292946
5290496
3352663
6129890
20493389
3062340
4759147
1369755
24701495
2449229
4861223
1330483
6854524
1470303
5361489
1619290
11445621
1579805
3192815
1460630
10577983
25735535
20516717
1180784
1664844
4859892
3840599
25854087
6779465
24888072
1690205
6886892
1465380
1829229
1912231
1114882
3020038
6963795
1498060
25904378
19977778
3213448
1465548
26291942
1459588
3002338
6793611
4117813
4894977
1957870
2070080
