26590273
1045247
3521168
3176771
25831335
26586120
1058098
26417675
1028780
1082173
3053868
26411427
1096118
4230591
3176766
1032945
6392678
10789640
6392676
25985769
1168952
19989621
1084919
19989623
2060432
19989622
25997403
3205249
3222685
3081757
19967506
25663085
1082172
1420488
1264534
1062235
25860363
10789651
3264136
1078133
3045175
26434140
3099359
26274629
1898279
20424665
1052378
1010967
1067701
11530891
1281275
25879266
1429944
3239540
3864464
26253298
11530892
1440043
1057010
2199549
10739739
1429253
1759761
1750317
1019515
1070681
1817132
1057211
1082126
25785761
20424656
1036958
1055486
1039629
1371312
11535136
1028550
1077536
1084918
24852530
1898276
3074795
1051289
1429252
1394654
1281274
1018259
1291542
6730664
25747975
26264071
26325544
1082171
1064282
1264536
3864469
1171873
26358733
1042035
25877134
1939635
2150817
1168973
5269193
1019967
1772421
4929235
4922596
2150811
1401928
1014710
1389974
3536922
25747951
4297341
25747960
1063441
26613943
20277513
20424668
3824251
1054551
24746506
4273408
1264537
25733074
20424666
1263960
2119502
1277187
1346852
1070317
1401856
26667533
1071623
4152772
1394340
1040616
21321530
1389972
1705579
4177673
1389973
1401861
2980186
1401857
1440638
21339672
4177938
1772423
20471290
3179235
10564875
1342849
1401864
1401945
6325097
1371701
1159203
1003731
1024690
2143646
1397329
1389969
1925297
25854706
4920079
25747966
1727752
1401860
1401927
1007942
1001059
1076074
4311606
1360542
21817708
26683645
1939651
1397357
26414436
1360908
6606364
1401863
1401932
1401926
3442552
1401938
1291044
1362033
1840312
1394170
5355679
1772420
1361934
1797071
1316597
1394329
3015755
1389970
1401930
3151269
3776536
3228902
1418156
3645011
1951453
1361935
1291541
1394336
1401933
3004831
1939642
2214288
1401929
5347838
1401862
1394338
1960963
1345114
5439576
3101189
2143644
1401943
1401925
1401935
1401934
1389968
3178185
2205379
1059949
3151436
1401858
1929160
2132812
6325335
1343537
3777728
1708601
6325154
1336897
1708603
1372002
1493185
4272902
