1090043
10757940
1014278
1963684
3017857
3616310
26333998
10757938
1985223
1125186
10757939
3673668
26331783
2267883
1004992
25962253
1783349
1015403
10757941
22741371
1388227
1082162
3733076
1395732
1013419
1980436
6820477
1186176
1024468
2008406
10757942
1119796
6041632
1033843
5336240
6008973
11614508
10429652
26708725
1578609
10867815
3673670
1257294
25994923
1460596
1420863
6041631
2246783
3530427
4046893
1051163
2027002
2160410
1203293
2010279
1951384
3733074
10530008
1092200
10867816
6424154
1055128
26490497
2105879
1052065
1927705
26043805
1055906
1353219
11614513
3733081
2282347
3759814
5254350
10867814
1075776
2085104
1045890
19940733
1000516
1038516
4046896
3239840
1097305
10539827
19957690
1904516
26108096
1546546
26443925
1398394
1075742
1124750
1036095
1062806
1014595
3387522
21361013
1141666
2278689
5402224
3571550
1051127
25804392
1083881
3993131
1079044
4063165
1058458
2130036
23714005
26603398
25912379
2299327
7062628
1779447
1388224
1082161
25783314
5384906
1213315
26603032
26393065
1105712
4212299
1689617
20406569
1082160
25848282
10539826
1162979
4906091
1424350
4895145
26434240
2251693
3121771
25841162
1362629
1090044
25927540
3655438
20506611
1390001
26612387
1093589
1009305
4917811
5243560
1119810
1925099
1084613
1016112
1424736
2229417
1020022
2053800
2261413
4015620
1705187
26426618
4720640
1658733
1843934
1012505
1119878
3102911
1732433
6904326
1090042
1368593
1919058
10439455
24749693
10807755
1075719
25844053
5918585
1090041
1371206
3311513
1409151
1436966
24383555
1045608
1023431
4882037
3136025
3190808
25819256
2042359
3039588
1362556
1412884
1027823
3200633
2993388
1310158
1432687
3680748
1048683
20483356
1856844
1312540
3550030
10731573
2159936
4195322
1372854
3554480
1049869
21326505
24753806
4814311
1941496
1457148
5944445
1428426
1911514
1389892
1004307
2277035
3102907
1171170
4331568
25845867
2010280
1209760
1361121
6527577
2206161
1695501
3711801
5246812
5283264
24323298
2347562
1093986
20368522
1190427
1056354
6744647
1467642
1071107
1041198
3578904
1499345
2342469
1064048
3179790
1263657
5295626
10801490
1868075
1070522
2314073
6782035
1081071
26663570
2053501
5992601
6820652
24750087
4882038
3181817
1068505
1108592
3756976
2003517
4038400
4720648
1212492
2043339
5246826
1388229
5904118
5384904
6894127
11520927
1046917
1027400
1057263
2301885
20444016
1204986
1037734
4313679
1007754
1871138
1032593
1019970
2051234
5989018
4273400
2342667
1430906
4821060
1427394
1361269
3233802
5407261
4226845
10545400
4291749
3757495
4941487
1801810
2368363
1390000
1367173
1829510
25986619
24879944
4953272
3289857
1225244
1055120
3600750
2279396
1914079
1147084
6517449
6837618
10436364
6870530
6082283
1450977
1125847
6965824
10749150
10456031
1320234
3730037
6026019
1050318
1213318
25962159
1428487
1842680
11614119
24380505
23178252
25929017
4186157
3025546
10487853
1926200
1124843
2155786
2039972
10830089
1213431
1412508
21331681
1684340
4705237
1187012
20271883
4882039
1459942
1070120
4303210
4232256
26346451
1035565
3531830
2011535
4814308
1202505
4106376
3179785
4179780
2264796
3531737
1036895
2257622
1222758
1829222
1197693
10529124
1914567
4106378
3105392
11601086
21993520
1441279
24714589
25714344
1409409
1371482
21264131
4263762
2230429
3194544
1874815
1124823
10426970
1871132
6890837
1828935
1390497
2173099
1988528
3251613
1272851
3167404
1007789
25782496
10594351
2347230
1126150
21354756
2343770
3100099
2160516
4937345
1172343
3411261
1785580
1895802
