26672441
4913064
10517238
26669243
1082154
1200840
1054685
22714154
1061118
1253310
1082334
10564071
1089243
5337248
26303224
1029791
6880158
3239549
3610681
1022060
1085799
1767945
1082406
4760224
3633461
26284529
1692648
1200842
25981277
25882276
1082349
26613061
2244146
1760432
1082138
1050339
1209899
4884218
3311253
1014278
3803820
3448867
25959972
1080309
3339812
1002299
1020961
1418686
24540864
3389984
4799445
1078250
1054917
1143694
1789841
1401425
1088711
26301984
1830445
6861664
4882133
1465007
4238144
1883991
1165173
4881850
1062991
3012517
26333998
26533494
1763806
3523041
3018339
26598482
1124305
3010133
3297888
5269439
1014578
26583471
1025753
3544376
3191322
1034329
1398441
24862876
5975571
1043485
26280494
1049219
3662594
26309861
4169424
3194071
1453210
1052990
2079345
1003986
1033825
20441957
6742586
25696089
1082150
19995918
11524204
1023000
1082407
3013624
26561444
26384375
1460313
1076654
1444077
3075281
1752755
1044663
1026036
1050566
1009393
25716611
1703544
1422833
1036613
1089518
1793132
3010130
1132956
10868117
10578510
1883992
1070851
1049477
3518332
1010349
4267149
1015584
4833920
26692133
24877320
2988943
26291216
26359044
1041414
3239913
20257843
3091368
1949674
1792984
5350303
20421947
2297786
25737043
1083509
26560166
10567171
5288327
10578512
1200843
1011754
24872210
1888215
6100947
1417905
1415311
10877051
25866532
1084082
1076045
6148187
10556006
1085883
1054889
1705507
3206771
1734830
1763809
26236436
20400003
1083003
1819978
1962885
5333599
20257953
3604517
25902105
3270617
1822862
1068308
1829614
3024497
25923591
4919996
1442037
3406518
3886832
1260251
3264642
1061977
1076323
1082577
2243213
26591589
1001204
1440490
3621542
5288540
1397659
1018577
25789686
25895465
6844469
26274801
25716761
1281653
1090109
24827456
25909313
1084078
1963395
10578511
1871913
1290398
1311280
3733076
24878188
6780861
26593903
1812895
1456183
5344534
1960287
1031146
4778452
3297466
1151873
1073253
1207819
2032964
19986371
10453121
3026876
20452802
6718314
3464389
26359462
25800697
23186549
5363267
3264665
6015822
6139702
1914078
25850540
1011911
26586174
2301308
2237621
4050808
1200848
1151876
6088153
4059800
6018916
1881118
1008732
5446815
3274851
1393473
2016749
4217084
26051883
1319345
1016595
1071921
1875581
3604331
2030664
21770836
6902318
3160327
1022920
1136988
3607117
1038861
1489494
1393218
3723589
6534894
5354957
1079691
3796219
6529759
1200849
2347844
6840152
25835907
19977682
5367303
3623831
1863163
5423777
1082582
2058479
25981276
25718134
1734828
7175432
1006341
3097837
10549793
2356871
3395241
2015357
1053331
3189892
1032581
3279273
1083882
1039060
11625378
1223778
26602991
1043416
5293823
1000696
1457149
19977683
20394952
19977685
1069754
2375977
3652211
1732996
1086449
26337806
1777932
3264644
24324978
1067960
25725064
3546250
4218689
1388190
3723236
1146304
1058360
4721438
1737431
10490401
1040131
1370750
25895468
10508054
1096790
1706150
1008660
26288883
1006737
5275073
20414904
10443580
4894980
6425901
1079509
26695660
1075495
5399267
3082685
10527371
1053914
4127574
1482200
3341767
1733250
1822859
6953461
10199132
1200846
20435468
3641661
3176760
6902319
10727791
2279868
11527617
1963368
6434922
5408346
19987957
1029370
6127284
1151878
2071207
5389759
11586903
1276297
26610125
5980472
3279242
1482322
1102876
1791682
6810540
25822519
23774736
26301836
1084079
1474793
1009931
2148992
1146287
4721437
4843178
3511129
1018881
1431177
1825622
10466761
25907729
5302695
3253866
2002992
20257846
3151596
4833918
2287508
5063130
21359062
26348958
4742289
3427190
1882428
2026939
3149443
2018527
3662115
1143696
1078566
20390250
1444225
20257858
10946178
1056055
3222661
3833031
3829245
1794267
1078809
6793573
1462101
24876757
25810522
26610970
1477437
26352505
26005623
6953464
20462955
25976633
4039236
6722956
1086466
2300636
5910655
3146656
20381893
3417147
3662581
2377002
3176755
1070775
1793990
1200827
3255922
1434480
1943703
3016270
3222662
24851617
1398460
6519779
1055301
1085777
26296723
1030470
20452319
2016626
1062148
2986026
1089509
1858594
4120032
26281185
2995370
6902317
6048071
4742299
24295880
2226164
10742745
24704186
25731990
1468918
26270396
1014978
1962875
24533414
25913830
19977684
26342533
