26576861
26382433
26688605
26264154
26275861
10786473
1032501
26371317
26665498
26658379
1504957
26663916
1012611
4242172
26362836
1775691
1476651
26418475
26150549
1979199
3026879
5952488
26677905
25986341
26666472
2284311
3533221
1292409
1183730
3609132
26363926
26692468
1786387
5321463
26647130
26680437
10747883
6511362
5913475
11445548
20428922
5346110
3261600
1045818
24749465
26287453
10785583
6811366
26712787
3057556
26695338
4124727
3318174
1083156
6709809
4953695
26701308
1062193
2340100
26673009
1292405
2143904
26292057
3682751
4180711
3260902
25863621
26541801
20492550
2328458
26707803
1193621
1048007
26319730
5989373
1465324
22994632
1437973
1056295
5317075
26677439
4105446
26688146
5287474
25782902
20507212
1097397
2345548
26605978
25970429
26430928
2060491
1017180
1444900
5325618
6952036
26416883
26590171
1400030
3000997
26593192
26590889
26337663
25763679
26264210
26672408
26680733
26613805
25917140
26732962
3465080
1442869
3143537
25783654
4071842
3826899
10828002
1004322
10586741
26369699
10607615
6913343
5330333
26697242
1874488
24541883
5394309
4146756
3006742
1201821
25858916
26606002
11632344
4258830
25907227
20473412
3002878
4312810
26304087
25749845
26603828
3389960
1223845
26380736
3765331
3266968
26178426
24107596
1068912
1135754
26412113
5421787
3900987
4726323
3158482
1084435
2080764
3223711
4929844
1017334
21966353
6854525
26614208
6523997
4934733
4075835
26649613
1033248
26235729
24697776
10539126
1269900
26694945
4606471
4745949
6832303
1963912
2256351
2275635
26298597
1036541
3688489
3420606
26434548
1135734
5063384
26318808
2303588
5916234
26319791
25913619
1359005
1079252
25870384
3273876
1221479
26285299
1783111
3740431
7057936
1863497
2328178
1005576
1004699
7007231
26636282
26656532
20269004
5356342
10555486
26646634
10773358
1147347
4836697
11528220
25867744
26146992
1534951
26594509
4929897
1288844
5940553
26628237
6896459
1438394
3025921
26647114
1035517
26388011
2277299
1827702
2033081
20270670
4818177
1085660
1138353
1626707
2116916
26266067
5402682
1626392
4292120
26150390
24863163
6052834
1274469
25779298
1944205
1837006
20382491
26093161
26591077
3908032
10563555
6801742
3834938
26434719
26305373
4010185
1761759
1473250
4908883
5379664
3090810
25933841
11589950
1995655
5248516
24736805
5904212
6526752
26415165
5914475
1005325
25850130
26367995
10484709
26369891
25733593
1221482
6754574
5991872
5372651
1005193
21359609
26422177
6790599
6687032
26670648
26183848
10773362
26411095
20480879
25908552
20475794
3691437
24878420
26288194
7174792
26611793
26260187
19949881
11577232
25772550
26645313
2259198
26670577
26248157
1911687
10546850
6977651
3062632
4312829
1038292
26312259
1067049
10485011
6084402
3286829
25876611
1116367
6510688
10956085
25948154
4051739
26612363
1227966
3759379
2216583
1019959
5171244
26647363
4864832
1045201
25804890
2183559
1021056
7007666
3316438
1150779
25747597
26614247
25846315
26636365
26628226
26334506
1045716
5332713
6028977
2158889
7043452
1045862
25894861
2823823
11601993
2980795
4898627
1262986
2376506
1050762
6894786
4745950
4737325
25792556
5980113
6744767
1038977
1389884
26277676
6946710
24732529
1274953
1475128
1041452
2216703
3413836
26102860
20499157
3432953
4849382
24523169
26420844
1013369
5976521
25821723
6858527
26705570
26689692
25788697
4244803
3222065
26718873
1055088
4062809
3371227
10739290
5361568
7051113
10544307
4843911
10736800
24754537
10493119
26319527
6800930
26470077
26611176
25813579
25724948
20272112
25867785
1083403
3869711
1437687
26667427
2193877
25978468
3033690
3134517
3684193
25902450
26612510
4846032
1105890
1128313
1100470
2893591
1193622
1218321
2125973
3005076
4309584
20472534
1931769
26628012
1018360
1159967
25845203
26615848
1067830
26657452
25697495
11620497
25833051
4046736
24839553
1046620
23708491
5344908
26435820
1927902
1936756
20480678
20389195
2296687
4732150
1986335
25911928
10786476
20258504
26296233
4263247
1460340
1051097
3245212
25963145
20480823
10608453
26439450
24325270
5997269
3669408
6792322
1440223
3622904
21370558
26392337
4903266
3171735
3116096
24722609
2382442
2305738
6710983
1016272
3891855
10486418
1378201
10779597
26594159
2340059
6851648
2222424
1477442
25848953
26617241
26660843
26314386
26275063
2974879
25750714
11601218
26140526
4720076
26315800
11445551
24758481
26593221
4312825
20434430
