26382433
26688605
26275861
10786473
1032501
26371317
26665498
1504957
26663916
1012611
4242172
26362836
1775691
1476651
4011670
26418475
26150549
1979199
3026879
5952488
25986341
26666472
3533221
1183730
3609132
1786387
5321463
26647130
10747883
6511362
5913475
11445548
20428922
3261600
24749465
26287453
10785583
26712787
3057556
6973970
3318174
1083156
6709809
4953695
26701308
2340100
1292405
2143904
3682751
4180711
25863621
20492550
2328458
26376603
1193621
1465324
22994632
1437973
1056295
4105446
5287474
25782902
20507212
2345548
26605978
26430928
1444900
6952036
26416883
26593192
26590889
25763679
26672408
26680733
25917140
1442869
3143537
4071842
10828002
10586741
26369699
5330333
1874488
4146756
3006742
1201821
25858916
26606002
11632344
4258830
25907227
20473412
3002878
26304087
26603828
3389960
1223845
3266968
26178426
1135754
26412113
3900987
1022632
3158482
1084435
2080764
3223711
4929844
4245064
4934733
1033248
24697776
10539126
26694945
4606471
26695289
6832303
2256351
2275635
26298597
3688489
3420606
26434548
1135734
5063384
2303588
26319791
25913619
1359005
1079252
25870384
1221479
26285299
7057936
1863497
2328178
1005576
26656532
20269004
5356342
10773358
1147347
4836697
25867744
1534951
26594509
4929897
1288844
5940553
6896459
26700390
26647114
1035517
26388011
2277299
2033081
20270670
1626707
2116916
24863163
6052834
1274469
1944205
1837006
20382491
4259314
3908032
10563555
3834938
4010185
1761759
5379664
25933841
11589950
26576861
1995655
5248516
24736805
5904212
6526752
26415165
5914475
25850130
1221482
6754574
5991872
1005193
21359609
26422177
26183848
10773362
26411095
20480879
25908552
20475794
24875416
24878420
26288194
26260187
19949881
11577232
26645313
2259198
26362975
1911687
10546850
6977651
3062632
4312829
1038292
26312259
1067049
25876611
6510688
1227966
3759379
5171244
24083865
4864832
25804890
2183559
1150779
25747597
25846315
26636365
26628226
26334506
1045716
25982794
2158889
7043452
5263615
25894861
2823823
11601993
2980795
2376506
1050762
4737325
25792556
5980113
26377453
6744767
1038977
1389884
26277676
6946710
24732529
1475128
2216703
3413836
26102860
3432953
25821723
4244803
4062809
3371227
5361568
26264154
7051113
4843911
26670661
10736800
26319527
6800930
25813579
25867785
3869711
25978468
3033690
3134517
3684193
26612510
1105890
1100470
2893591
1193622
1218321
2125973
2146279
3005076
4309584
20472534
1931769
1018360
1067830
25697495
25833051
24839553
23708491
1927902
1936756
20480678
20389195
4732150
1986335
25772862
10786476
26296233
4263247
1460340
1051097
20480823
24325270
3669408
6792322
3622904
26658379
21370558
26392337
4903266
3171735
3116096
24722609
3891855
10486418
1378201
2340059
6851648
5385349
2222424
1477442
25848953
26617241
26275063
2974879
11445551
24758481
26593221
20434430
4061963
6851587
6509801
1101447
2119843
26435358
20477116
24298931
4934590
1857295
3224456
25885205
6957796
26176538
6157548
25747577
10431236
1007073
1788302
10517695
5263454
4742971
1319893
2970296
10484712
5361804
6807767
1829747
3681639
25839107
20435635
20260640
2344105
5253757
5386360
1784676
5988558
4722180
1033273
1429566
3874168
1437488
10506822
5953575
6510070
21241284
3613841
2372450
26299530
20437599
1829799
26329401
1051659
5937126
24872932
4275052
1065003
1472347
2225735
1908685
1085007
2986872
1316093
1965977
6510519
26390426
25753137
1053174
7154320
3248660
2307720
24845389
3298988
26417964
10773248
3238242
2984241
6725495
25885237
1024279
25693190
6797700
26328457
26607683
1764940
26425904
3345059
25920297
25828158
26315455
26285423
1873802
5939058
7058059
26677905
4053315
1148843
1071941
2284311
21346249
3035600
1292409
26700659
26127411
3755086
26363926
24696954
26692468
25755874
1902303
3772058
6507262
3798420
1918220
25763706
26357297
1008949
1006614
25744065
20280796
26324187
1052055
25788948
7054138
25928292
26382598
26680437
7064561
6139564
5910460
25768304
1047205
1112447
4710402
6309931
6800784
1310112
6861475
5906677
25792009
4246667
5976544
26293066
1220789
1132110
10476698
1082901
7052007
24753186
5346110
1077196
6713131
1291194
1178089
2015536
25858882
1879497
26430576
1057378
3742938
25805198
6773583
2285530
1068606
25931208
