1054685
1291204
5375620
1292409
26363926
26692468
1003479
3261600
1045818
6811366
3057556
26390229
1003284
1320282
6152040
2143904
6021440
3260902
1767945
25961458
1071227
1004821
5287474
1277981
1400030
26593192
2283920
25881102
25978763
1041385
20501147
20376604
1058131
1964774
1059258
3006742
26663951
25928708
1068912
26628827
2258034
1060774
1084435
1025723
1021273
20444403
1015748
5408882
1292412
4773224
1033248
1269900
2302217
1963912
1216737
2359052
1036541
3901880
2212371
1426971
1012307
2025235
1008189
1783111
3740431
1005354
7057936
1004699
26699788
1317485
4167567
24753651
1534951
5297291
3697494
6397522
1014578
1322336
3007268
1050929
2359003
6896459
1442720
1017238
5922204
1010204
3025921
26545443
26627873
25908079
4886245
3410709
4292120
20376605
1012032
2032141
2999785
6879356
1006560
5379664
1995655
2363834
3101021
7916069
1003986
4899351
3833024
3648316
26431217
26136989
1082150
1849409
1005193
6687032
1484425
20475794
4934845
1053623
3055719
1063852
1076378
14439405
17153313
3711709
1116367
1022318
1071023
1139360
1400195
1070007
5401989
24083865
3431988
1787729
1045201
25742296
25774978
25908550
5988185
1045716
26591902
6822342
2980795
3815126
1030898
1762869
1003692
1475128
1041452
3333989
24523169
1315213
6558202
5422665
1418180
26307520
1049136
6110110
1456524
1657455
1049522
1315184
2066374
4766921
3260366
25818441
20272112
25867785
1905742
1095849
1776683
25745691
4244859
1159967
1277169
10594802
1277275
1089398
1065977
1588297
1491630
20258504
1079104
3662234
1460340
3245212
5312095
25869264
26627933
10559282
3116096
1034259
1815640
1500045
2305738
26411141
1608873
10877051
10588021
10779597
2340059
1002690
1082578
6902321
3391717
26220259
4208757
3916132
2122992
20273773
4199761
26293220
3463292
6310946
1076280
26298694
1027030
1345845
20366368
3389811
1206206
1060298
1196945
21432137
1203421
1784676
3710137
1173548
25705613
1083054
1178535
1287865
10608315
1077129
1829799
1812011
20395644
1042070
3101425
4189215
1393233
1252057
5906312
10555537
26292964
4002701
1465594
25881855
3144300
1556409
25870783
6060527
1522839
1873802
25935944
4796752
1986050
1050951
4285631
23774518
25986341
1015375
26666472
1012379
10793817
26268552
25789478
1918220
1050175
20280796
1041366
1311280
1039079
7064561
5905979
5910460
25886895
24371383
1186712
10597973
20435354
1082446
20428922
1070246
1462854
1016864
2135139
1082901
6100919
4746104
1077196
2271222
4843462
25800850
1388737
5396636
2049128
2061863
1721111
3137979
1489670
10785583
3223719
6509886
2012794
2122637
3633588
10449401
1907199
1253292
25884108
1024785
2213463
4269888
7055536
1251839
25950191
1915375
21649772
26695338
4236917
3628063
3795033
26278816
5253759
1780035
5917677
6431982
25839998
24902403
26589233
5336008
3874395
6720539
2222359
24704563
21324342
26539803
24876481
1788967
3069267
2340100
1292428
1287508
3381387
3722967
1827054
1104943
1072189
3987027
22513668
6772430
25923695
22404951
3017125
1489494
1171881
3092897
25778846
1245533
25928726
2008436
1012380
3117247
26657357
1921597
1310188
1077688
2079931
20492550
26600395
1043419
1101606
1254278
6772570
1419432
1255584
11160551
1280205
10779604
2286854
2154713
26584286
4169495
24294860
1022232
1035600
6889351
3788399
4115323
19940741
1822857
10570586
1039258
1000213
25817153
3640150
3465962
1331963
5214612
3077186
2209114
2375990
3132641
3072490
1454687
3651646
1729284
1030294
3094355
5990251
11229072
1020296
25916679
11614538
1049946
5914483
1451698
1761114
6795725
19956258
10435419
1025502
10432364
26480625
2267824
2984324
6826594
1465543
3724665
4711466
21326266
1069576
1814298
1444025
4809955
1077428
1799255
6714961
6969827
2109239
3111278
3824134
4857097
6725979
2209227
1020644
1789444
24869831
3784639
10544787
1684120
24379797
3123393
6808941
25879429
1005813
24879075
3578470
1931318
3055477
1648606
3391999
1157293
2155338
1960256
26369699
26676261
1432078
3158094
1022187
1081197
1003027
3616565
11589947
1036032
19941469
4733982
3042524
2016441
1874488
1894184
1079509
1046176
1027384
1047588
25858916
1053204
1482200
4272339
1484492
1290969
11632344
1033829
6756090
26598321
1021529
4106854
4841504
4164620
1051919
1028052
6100990
2029640
1073063
25955940
3795574
1007667
6398616
10427332
