10554308
3259440
4117922
3211779
25924253
26292535
3646172
3836566
25892399
1783098
26674263
24153048
24382569
1263399
24859822
1882933
3006581
10554309
4074636
5269222
1827374
26413027
1948901
26118072
5038409
26673089
26265745
4742918
1829226
26650970
26609809
2297697
4009552
20515828
1040771
25897476
26284304
10512236
1040211
26627837
11612936
25912734
1926103
1916726
26261240
26576515
3187737
4885241
26331014
3102324
1292416
26613724
6746289
25954353
6953273
1807516
26369210
26314930
3879026
6016234
4152754
24541883
25884890
1938591
26667778
4799445
25848819
1818347
26648636
3347997
4580972
3920130
24163576
4928387
26613047
26298572
3013903
1851385
4245064
4242406
2057285
24882288
2298149
3191044
5347699
6832303
1874961
2149655
3890174
26434548
26533494
3266344
2303588
6784976
21371175
26365847
3815125
25808056
3785741
3800166
4173968
5921802
3112726
25720041
26594509
6974232
26393180
6041089
3034184
6719658
26281315
25832787
6249670
5254315
25767862
2042119
1005768
7060186
3615061
3348010
20382491
5395724
2340300
4753783
25811761
26650957
6794021
26652880
2265312
5993310
5904212
26281317
26331660
3140801
26671008
6974102
3315879
3813194
4034009
10580802
11528339
5939312
1085021
3649782
4202422
26352281
26366422
26320556
26351997
1485495
26352002
4718973
20428313
1027767
4067626
10464337
6977651
3713327
25875828
3286829
3654604
26347982
25756947
6719724
26664095
3865832
11498200
1228110
4292149
1228775
3162513
24153181
10740776
26347981
21324173
19950139
1858583
26708495
26266171
17724327
3801097
26046043
5394380
4171951
25697546
5326849
24538213
1939182
4038615
2201813
26277676
4143051
4067621
5383916
26656451
5390091
1158934
10473347
26650973
4140380
4264003
2139305
1960035
3212678
4277347
26614581
4898712
5387467
20473093
25955474
10594788
1903164
24722916
24531011
2214350
21365370
4151180
4116629
11511204
25713168
20458045
25846270
7153428
4732150
24384165
20449829
19951185
6985652
11615173
25737793
24863499
3615048
4038672
3889682
5288327
3162527
21352126
25896617
6716698
1805514
24532591
3112724
25892396
1214416
6025373
5416915
25881335
1731370
25799687
25996181
4934552
25768277
1917078
4252115
19898714
3124386
26349251
4729585
1867064
6902164
3175259
3053207
10594783
24935042
4836682
26297985
1083429
26359751
1573689
11528304
6716685
1946658
10345553
1927377
3187750
7005249
20435635
26600656
26111149
3172156
25799686
25663137
2263077
3821057
10506822
4181156
1418707
6890451
26389907
3683898
10594781
4218911
6558046
25846260
5938333
10598145
25708956
4038673
2124556
25927233
25897675
1135537
26390426
25918073
4152764
2297706
10473576
7007230
25956990
4164096
25779594
20379212
7047148
3238242
20434037
1089512
25838564
6725495
10763351
5336428
4152750
10518843
1089521
25841847
3143603
25840545
4867367
1057206
11597271
6808505
4191594
2064977
5919999
4191587
1084794
3264211
25712490
24089492
1052055
1946666
25893267
5992037
25921286
10580803
21690069
21347638
7153424
20428306
4252125
24879279
11501902
24753186
4903190
3715833
24744495
2336093
6817749
2242467
7067983
3070843
3124547
25827236
11638339
6440768
4097161
25924860
4903440
26613940
1470866
26576913
26667852
2221889
26275049
1280603
2160292
6892576
24538694
3926665
3293574
10740772
24846035
19977987
2143487
1473895
20432186
10529972
1047833
4891108
1881118
1082159
5319117
6784957
26184366
26184384
1158930
3147450
3017205
1156994
2055004
1868623
6558049
21371465
3715844
1485225
2069906
3310627
4846126
4286244
6060436
11614712
2067269
1079629
11534920
3442377
4126861
5417807
6265961
10546184
26693258
21683004
1020393
7063845
24527549
5423899
20493367
2032117
25929213
20389191
11498195
4870150
7916107
3654590
23010385
3442373
26388141
24852594
3700600
6151649
4052716
5326850
10746421
3610094
4725541
26280061
6423665
1485501
6001119
3321602
4027219
1026317
3032747
4836934
6060415
1962078
4838098
3241893
25929085
11607283
25830845
3130849
6889834
25844726
25722933
5938073
6127036
6861465
6026287
25957816
3316174
4882013
26271231
2242461
10826858
21370565
26294024
25985987
24720957
2063620
5326846
6429267
4026740
1903152
25881330
1948429
4035998
26682349
3787012
10529265
1012242
21979042
10766055
24844044
4723740
2173262
25870931
25851888
10741325
21318089
2119536
5026743
25660899
11533530
25768282
26136927
1908267
4853091
10282582
26264953
26356515
25897402
