3026879
26672581
5952488
3533221
26676298
26642866
26672590
26609809
1437973
26671076
25891771
26628022
1444900
26590889
26384985
26680733
25924242
1223845
3765331
2022979
26614208
4934733
26708113
5356342
26146992
20270670
6052834
5391766
6890671
11501640
26367995
19964304
26671299
26183848
26595964
26611793
26693855
6041708
10554308
26449387
26382433
26614247
3259440
6864307
26340138
26688605
26706371
4843911
26414020
26683602
26611176
26685366
1084336
26275861
10786473
26315075
10594787
20472534
26437752
25697495
25852441
1008145
2143304
1032501
26371317
26665498
26439450
1007305
11614293
26451351
1504957
26657920
26663916
4117922
25747921
25879449
25945941
10763902
3211779
1012611
4242172
26557144
26362836
6957796
1775691
3521168
26688077
25839107
2344105
5386360
26591906
24297906
26613506
25924253
26313089
25923591
26698785
26692621
26580084
1046265
1476651
26665494
1470158
4011670
26418475
26150549
26417964
26680113
25847224
1017143
26647727
1979199
1057244
1764940
4920007
26285423
26438798
5939058
25660015
7058059
25986341
26356948
26666472
26220133
1183730
3609132
26340704
1786387
5321463
6507262
26335158
26647130
10747883
1068920
26374532
6511362
5913475
11445548
20428922
1310112
1088581
1220789
1082334
1400705
24849597
24882309
11589032
3261600
26430576
3742938
3026879
26672581
5952488
3533221
26676298
26642866
26672590
26609809
1437973
26671076
25891771
26628022
1444900
26590889
26384985
3026879
26672581
5952488
3533221
26676298
26642866
26672590
26609809
1437973
26671076
25891771
26628022
1444900
26590889
26384985
3026879
26672581
5952488
3533221
26676298
26642866
26672590
26609809
1437973
26671076
25891771
26628022
1444900
26590889
26384985
3026879
26672581
5952488
3533221
26676298
26642866
26672590
26609809
1437973
26671076
25891771
26628022
1444900
26590889
26384985
3026879
26672581
5952488
3533221
26676298
26642866
26672590
26609809
1437973
26671076
25891771
26628022
1444900
26590889
26384985
3026879
26672581
5952488
3533221
26676298
26642866
26672590
26609809
1437973
26671076
25891771
26628022
1444900
26590889
26384985
3026879
26672581
5952488
3533221
26676298
26642866
26672590
26609809
1437973
26671076
25891771
26628022
1444900
26590889
26384985
3026879
26672581
5952488
3533221
26676298
26642866
26672590
26609809
1437973
26671076
25891771
26628022
1444900
26590889
26384985
3026879
26672581
5952488
3533221
26676298
26642866
26672590
26609809
1437973
26671076
25891771
26628022
1444900
26590889
26384985
3026879
26672581
5952488
3533221
26676298
26642866
26672590
26609809
1437973
26671076
25891771
26628022
1444900
26590889
26384985
10586741
26369699
5916880
5293030
26676261
26038436
4313207
1401841
10807374
26591905
1807769
6973816
5330333
5289756
25809012
26437079
1024197
26276279
3169746
2132291
2042538
5401757
1874488
24541883
1039752
5372542
4146756
10740021
3006742
5958726
1201821
26354161
25858916
26606002
26351080
11632344
4258830
26683042
6017128
26289077
25907227
4262685
20473412
5502995
26678727
1016300
3002878
26319003
1008074
4011440
26304087
11442509
26603828
6041690
3389960
1789841
26672661
1069059
26664122
2253380
3266968
4231381
26178426
5394486
25997311
26689720
1088711
19936010
1135754
4166819
26412113
25963518
1007433
3900987
26301984
3598313
26324128
24745649
1022632
4928387
3158482
4159518
1084435
2080764
3223711
4929844
6732193
3642673
26657402
6885341
4245064
1000034
26593872
1391191
26385621
1005521
6869079
3616310
26298713
2070844
1033248
26334227
24697776
10539126
1007772
4154988
3191044
3276681
26694945
4151190
4606471
26695289
1210726
26392727
1400707
1015452
5356341
6832303
26607541
2256351
26269501
3987362
2275635
1874961
26301836
20488770
6981379
1066462
26298597
1020459
3012517
3688489
3420606
4871447
26434548
25759355
26333998
1135734
26584371
5063384
2209098
2056749
1419214
3712855
2303588
3018339
4874131
26319791
25913619
1359005
1079252
25870384
3273876
26365847
1221479
26285299
26653757
7057936
25837146
1863497
2328178
1005576
1049337
26656532
3101457
26431215
20269004
26289739
1318126
3537590
1159935
26335687
5921802
10773358
1147347
1467368
21346610
4836697
4714734
1059406
1124305
25867744
3010133
1534951
1010472
25720041
26556125
26594509
3073494
4929897
1288844
1860750
5940553
26602109
3136255
6558707
17605380
6896459
26700390
26436743
6719658
26357479
1050465
3191322
1529893
26647114
1035517
6714015
6782521
26388011
