19963470
1115748
2193876
19982767
11623716
3010133
1995655
11501640
22519910
1013416
4734066
3062632
6864307
1036613
6539790
1073708
3010130
1016631
24838958
2026658
26148896
11601218
1089049
1372679
1051714
1398463
1006197
6012933
3127852
1042168
4247000
6749472
4732188
25912106
3129584
2284288
1036446
1030469
1373788
6851810
1021709
1000251
1212488
1889450
1812895
4617900
1076330
1196725
25912108
1012117
6820477
1009043
2336043
1016225
25760473
25923628
1001065
1882915
1393218
3723589
25923444
2995985
19975229
2132838
5416922
6784968
25758141
3905365
1441789
25713688
3100585
4832194
4742942
3100584
6784955
1034106
2219098
20451938
1792474
2285465
1777932
2156959
5347801
2328539
1317857
1040131
1317853
1203622
1792749
1053914
23238604
26663966
25731402
1034922
5350834
1317893
24257192
5366444
4919973
5260192
24840361
2010619
25919527
25786085
2043873
1940642
19963193
26378476
1950749
2309832
4200121
1941696
3851791
20375525
1047325
1006991
3131641
1123098
1877890
19961140
10955921
1317891
1780467
6387179
1959152
1709754
3499285
10443423
3571360
24318971
2127498
3100582
6810299
4246999
1023557
5326144
25859184
1475439
3431445
26304230
1020182
3058477
1125283
5501654
4621084
4772537
26649803
1022951
1530473
2159470
6440304
1760082
1316652
4120483
1077898
1002262
1945249
2382542
20497039
3100587
1056917
21267592
4730597
2042417
1484887
25986609
2981577
1444079
2134992
23008959
7051391
6723590
2337439
1185641
1361106
1395772
4912682
25871627
2377488
1822866
1417942
1467508
1779818
5406581
3025256
25870782
1044772
2253414
1145593
25956998
2248275
5416923
1089892
1316536
3339461
4729479
2032529
20278403
4893069
1078750
10426425
6784160
1385832
1768839
1316651
1949654
6440185
3999718
3100589
5030635
3132500
1485130
2278551
10801735
5255701
1875715
1664927
2076853
3177125
1105260
2131594
3036890
1088030
3534238
1459018
1011680
4275058
2056790
2209044
25832911
1372741
1030575
1493522
2031544
24257271
10539805
1012180
1170051
26686566
3694913
24466271
1456313
1364792
1348129
26584860
1011977
6784956
1098359
1039017
25760217
1394430
20501769
25812943
1032126
25799452
1547903
25774836
26639311
1477157
1475452
2209903
2364763
1042702
10564064
25726725
1427315
11623717
1050006
6798290
1480809
1040589
6784963
2036791
3071221
1871155
10530106
3765359
1768143
1881234
1968525
5391705
3222845
1011147
24884411
1054239
1796775
24702216
2033130
1013568
4109156
25843072
1736690
2032103
1214171
2152222
1370282
11530611
1049748
1082369
1313463
