1770782
26382433
6781808
1084336
26275861
10786473
26306686
20427187
26665498
26278687
25747921
26658429
10763902
26684198
1775691
1200840
1046265
26647054
25984204
26694904
3026879
26641761
3608208
26672581
5952488
26677905
3533221
26648238
5437113
1292409
1183730
3609132
3369793
26300508
26647130
10747883
1068920
2035171
26693418
26676298
26272073
26656779
11589032
3261600
6789605
24754316
2159042
26699409
20443559
26590267
26390229
11622283
4207781
1083156
6709809
3057333
4953695
26676574
26701308
1431870
26681709
2340100
2053249
26673009
1084165
1059419
3899039
2250587
24753751
1254588
4180711
3260902
25863621
20492550
26672723
1048007
26598945
26171593
26584286
26323408
22994632
1437973
1056295
1007914
1115353
5317075
10512506
10512236
26584387
20507212
25733470
2345548
26639133
26728018
6397275
25778837
1082518
26461519
26349261
26708712
26606389
1444900
5325618
25697520
26590171
6536593
26337198
26590889
21617765
26700526
26384985
26647621
26680733
25917140
26732962
25895442
25829434
3465080
2158189
3803820
3578470
21460732
3826899
10586741
26425651
26389520
26369699
26676261
26363718
25753361
6016234
5330333
24380577
2083981
1874488
26416401
5958726
25858916
25858068
1036274
26695301
26318944
26663951
25907227
1794620
1016300
1054917
3002878
4011440
23044177
25749845
3389960
1143694
1223845
6097966
3266968
4231381
26333850
2022979
26702537
26689720
26420555
4166819
2194123
3598313
26575679
4726323
3158482
4737329
3608235
2080764
21966353
4934733
4075835
26649613
26596363
26614368
10539126
1269900
3576486
20425053
26695289
3138847
11588848
20384337
26627876
25957554
2275635
26242908
1020459
24257591
3688489
3420606
22883503
1135734
5063384
2209098
24736458
26708113
26640794
3523041
3018339
4874131
5916234
1359005
25870384
3558629
26285299
1346815
10565151
4127527
7007231
26636282
4826530
5356342
26646634
26043287
10773358
26664622
4836697
26379069
1026425
26646595
26146992
4286204
4929897
1408193
26602109
1064841
25898124
6896459
26353581
26436743
24307336
6719658
1013502
1041128
25779342
26647114
26627873
2277299
3662001
20270670
4139056
1085660
26358169
25921293
2116916
1982200
26400900
24863163
6052834
3597031
1837006
2331434
2999785
6801742
5391766
26434719
2256039
4010185
3194071
26248587
4882159
10598170
1052990
6890671
26417674
24736805
4872671
4723970
6526752
25911978
24739109
26367995
4714018
26581845
1438816
25870629
26377479
7064313
2158194
5991872
26220798
26676208
25808222
4872222
7047201
1485597
3315879
26671299
25777982
2008284
1005193
6797919
26650151
2062200
26422177
26670648
26183848
24845284
6519759
26659614
25735727
20475794
24878420
26595964
26288194
1140727
26611793
6773643
26260187
3594151
19949881
25890145
11577232
3693974
20326626
10537640
3744041
1926700
25975454
26693855
26133770
25786283
1041616
26362975
10546850
6041708
26425831
26682134
26677431
1067049
6084402
26422275
26370164
11516220
6510688
25933667
1049189
26312476
25948154
3018322
4051739
26612363
1313181
26373220
1019959
5171244
24083865
26666735
7154675
26666471
25800616
20389192
4818929
25741244
10603541
20453024
25802595
1021056
1009393
25747597
26614247
25985966
6864307
2136140
26672441
25852981
6795849
26293455
10485696
20278327
1045716
25982794
26698065
5332713
26663783
25716611
26388796
25894861
2823823
11601993
2980795
1262986
26314932
26384723
4038164
25980669
1050762
6894786
1963310
20424609
4737325
5980113
6313524
6897140
4887524
6744767
26388790
26384746
26609474
1013457
1014144
26665530
7061613
1475128
2216703
3413836
4849382
3006483
6558705
1469051
24876497
26689692
3326892
2567919
7059662
25788697
26706371
26337889
26691122
3371227
4010196
5252677
10739290
26032227
1047138
2669319
1040397
2339950
26606009
26670661
24754537
26210487
4267149
25401735
1015584
4833920
1958227
2363651
26126183
26470077
26611176
20256917
26428516
20272112
21361157
26685366
1042434
1083403
2193877
25978468
3134517
26613582
25748787
3684193
25902450
1100783
26612510
1105890
1128313
1100470
2893591
1218321
10343062
3005076
4309584
26628012
26640094
24754720
1860757
4732378
7564736
4238754
26293675
26657452
25697495
25852441
2297786
26276399
1427288
5344908
26641865
1927902
26448151
20480678
26589583
20389195
10517238
3665874
2310418
1051097
6847760
25963145
20480823
3554154
1203251
26439450
25836825
25912887
2082194
2073481
4741216
3622904
4881998
21364188
5264779
26427703
7059909
