26538428
25870117
19963049
1018426
20507377
26451423
7058387
26718535
23042516
3566473
6902934
20271923
5411174
25866338
1335485
25839740
10435675
26667817
1804656
6392685
1082917
26616450
24284213
26293436
1150414
24696902
26434750
26586771
6753011
2015118
3271659
1939267
4284900
7064924
25843810
6519759
4229525
6515888
2130270
4732427
22992362
3023710
26413204
10464055
3170062
26303026
10480691
25767721
4066165
1378586
10495001
6519166
4008187
3765140
26293402
3006563
24703762
24872141
2327180
22224249
1150994
24733763
10519083
11610691
6118578
4225993
4203899
4175516
6443390
20398515
1589951
24859817
7154270
1018775
10484653
25843212
26148067
4770405
4919888
5917341
1062974
1342929
4179375
2280661
5917342
4742564
26113847
25843211
3519874
1092527
10749566
4189118
10546028
25896671
26302517
26266431
10595877
6970804
6523737
26663969
1931465
1396339
1682956
1931520
10729468
25963662
4211813
4189956
25725995
19966705
25767723
1119723
4239684
1975087
11445019
10749563
5341077
4743312
25740201
6519019
25880916
25896081
25847209
10564515
5983623
1807217
25857193
6720881
11623718
6748751
6560798
3591428
2033803
25893913
3238117
6869702
2251685
19961336
6012382
1910020
11526136
3017141
11515274
1331010
6798514
3027615
3422622
5399568
11587510
25663162
6013399
6990182
25822231
25746403
3702275
11601573
24529131
19961400
3082244
6443377
5957529
22992364
3073826
3338929
5504242
4307015
10594589
3222907
6073024
19967686
5391225
25850073
7001142
25927397
26608163
4287855
6723772
6990098
1972192
10746506
3127007
6821185
24876853
4919901
4249895
6758840
5998944
2170974
2042644
1376840
3036827
1886340
1336261
5942543
7163419
2036345
6721382
1195950
4137348
1027125
3054506
3373699
11610883
25797567
21351057
10461392
4770409
1061884
19967697
21322512
10545481
24704586
2383005
11633560
6429683
2251673
20506482
1937559
6857379
6429545
4208374
6393556
1758568
10468323
6966091
10483319
2441869
25729086
25709116
3669322
6481784
2707826
5441090
20382426
6030221
11601574
3835222
6840184
4913054
6938940
3584515
1287997
4175531
6149406
23705700
3233360
7005452
26312639
26035838
6394692
4245043
20312330
6808956
6875235
6969147
25743090
24284769
2155225
20430523
24754995
25909107
25708817
11610699
10757237
11507904
1945465
5026735
10463575
10531804
25717022
11527593
25709117
5379662
5385831
4833661
19929972
10416558
25742337
11622316
3156415
3198437
6021299
4748408
1741660
6395357
24734045
2990264
5323631
10536474
1083008
4872957
1082359
11606819
6018677
4250499
6872567
3835211
25941209
10537343
1785388
3709561
1962799
6877709
6715087
26614258
20473866
20506733
6067586
25744071
2204463
6003673
6790022
3703767
4238345
20429353
5418739
26636156
3449937
22992355
25720629
7054201
3270264
25853763
7163420
2213545
4743145
2249120
26584660
24283461
25901563
19967680
4030538
20475580
24876102
1920284
2254818
26169005
1333136
20507443
6721383
1164099
1799457
21729891
20515230
3927914
1838029
26602488
3696747
3073834
25778176
2638133
6516126
1874043
10480694
3151240
1351663
1327257
6429673
25811493
3381471
6946589
20275978
25926627
2192122
6851786
4771463
3101909
10749643
25729126
10595777
2997067
2151915
2741671
1001226
1602250
4843483
4222805
25719315
5026734
3529634
19986428
5272131
3211199
2172666
26577100
1321793
24714809
4882788
6558679
10734577
4845842
10429183
6891890
6794099
5325514
2613139
5954636
20366372
10520388
4742948
3244717
11026500
10574914
3214234
4845844
10594154
26381751
10759203
5505171
1278406
10750609
23780563
1585269
25970919
20472724
3156401
5906090
2162218
1962512
24704694
11630302
25806017
26285336
3642678
5991551
4232180
5263597
4426357
25976665
10749639
3105516
3826230
3018948
1131594
10555474
26005296
2042173
2193567
6969703
26311238
2978980
24706825
6307972
11631619
7175224
11525400
1537363
6388379
26140547
25801500
25882958
10782656
25728756
6392672
26381340
25857833
11632218
6840037
2337981
6430245
20429356
26319341
4175500
25959773
3838922
6026102
11630312
1040368
6845299
4255734
3993943
1886466
25757473
25977829
25857196
6560576
4179318
1317082
5275268
2058849
21363120
1155906
6523500
6015237
6901526
2302455
4239681
6538357
6962663
26453421
4850342
24523073
4224272
6854604
3642051
20423748
26261109
14234915
4307018
6852794
4062468
6821104
5361584
6049298
2373030
10489226
2983346
25852019
6711943
3675532
