26698020
6709783
5346110
5243775
26590267
1033778
10945606
26163553
25782902
5408886
24880341
25844463
1220853
26695863
1058131
25926542
26290085
1095634
24092345
10799082
4953707
1028842
6854525
2081876
3291111
1021346
1958714
4012143
3576486
5382213
25902226
26362997
1087737
26659659
5297291
3891900
25947310
3025921
5939751
5921213
20272113
6828176
1089991
26237302
26650151
10773362
26361453
11516567
1046164
23760469
4249967
10485011
25717107
1972412
4203984
26637801
6974582
2051332
1443196
2983683
24541955
1004118
5914480
2111085
3043970
24523169
26032227
25890247
25724107
1013378
1780208
26374984
4244859
10441759
2189613
25927672
25823036
26435820
25901160
6519055
4137173
1182173
1007459
5921785
24700126
2005726
2048893
6712293
3427304
4894568
10765392
6743298
24838618
2335844
1137246
2015368
26315800
5314887
4208757
6557288
2382899
26327897
1429642
1131736
26695045
10617312
10439662
2339892
3725829
3000660
26361652
3349509
1085935
25843334
1435909
2341113
6967535
4244804
6556332
26329401
1910216
4010197
4748753
25893995
3413365
1923472
4906492
24700123
3164123
4894684
1728725
4100680
10568233
10826987
3027464
24700125
1873802
1429901
4012040
6736909
5353235
4827219
25767203
10533992
11632329
1042567
26374572
11525290
26415468
1962687
25751995
5976544
4238941
25742411
7054652
1057378
3265599
26022186
5917261
25912159
3932811
25843241
4772958
4225644
24325274
26335181
19952930
7015950
1166000
3729173
19977078
3291970
1157539
25850045
26410894
26358478
10593804
5271687
2131777
6720539
1085646
1692957
4737015
1100657
25875806
1949744
25829645
1949390
1141543
24696672
3631947
7051700
3233988
1467393
24698948
10741914
4217139
3845101
21964791
26349459
5299847
4191818
26396020
2996034
3370214
20419190
1149697
25779081
23774479
2139493
6403593
1021977
3605924
3797051
5311625
4772962
3248694
2180696
1017213
4772963
1069660
20036150
2031890
10550974
4069561
20366369
3107581
4268081
3027457
3315951
26421264
26285905
26606338
3824134
25975503
25837660
4904709
2977509
25925797
1977206
1431645
10862869
1161117
25816940
26061406
1511636
1028620
1088630
3276034
10765018
2045899
3164293
4932772
4193722
1160483
1014242
3776682
2155338
25885180
6971390
4139254
1420638
4882119
2320804
6849713
25925083
11589947
10555456
3060535
3925917
24756948
26282829
25842420
1031634
21324988
4754742
24708136
26650867
4758384
1011772
1139730
6438293
26634824
1928404
6795916
1082512
25784098
19957141
3292060
4720006
1461932
24758489
25840005
1776987
10796953
1548716
4210756
26338839
26022791
24741682
3248513
1431776
4923147
2072159
5028568
1197933
2155344
1045597
11613937
1006020
11641858
25716238
2363744
3596432
24860407
5998772
3351179
6395844
11509654
2249558
6801745
3598279
2220962
3837280
2031077
7052101
3776705
1951858
3235606
5068097
6516233
24153567
4137182
3994868
10606457
10734905
6977935
5281775
26415028
25878150
21966354
1547736
25848496
2284696
5348018
2344068
4139970
2055164
5301299
4265573
5385688
4217138
25735039
25841314
3265233
3007108
3300884
1029513
1262816
20386252
4875704
1008122
1891639
26658607
25827244
10582247
26427108
6839456
3242450
3998477
11502344
6428360
24738759
24383564
2171619
21966340
24845286
10582265
6998907
1831305
1441113
24700151
20272111
1018101
4062213
26376773
7060413
1417775
3519481
3273009
1488504
21241223
3931857
1082364
4831458
5411111
1059234
26296578
26655811
5912230
5992415
20504695
1082262
1263338
26425918
25790123
26588279
20471994
26293878
3039668
4178327
2013150
1103152
23789345
1088307
26022678
23801526
5029372
3393534
2075831
6148690
1396394
6850915
3798114
25733327
2077314
22741516
6877419
4884200
6861158
26419870
25741323
26287433
2151543
3265723
1253945
4805559
3611560
4178328
3898010
26142366
5377571
3725211
1006415
1461145
6080028
25744585
20272283
3195672
3353792
3591151
26360411
1485722
26717621
4012315
2678794
1489146
2280169
11632330
3361807
1490089
25860723
6548683
3273615
4149140
3507422
3328723
1442003
26301859
4724794
26410847
4119096
6511603
11529143
2201570
6434270
6732077
1006203
10528799
1213404
24872787
4705189
3167333
11520648
1083161
10787101
2147557
26657159
10354671
25929431
1012107
26666438
25662404
1217868
1977840
3889944
1186753
1312095
26677126
1855468
6711123
4891851
3729148
2237676
1010197
2284487
1524751
1041539
1024363
2347627
