10554308
3259440
4117922
3211779
25924253
26292535
3646172
3836566
25892399
26328639
26687879
24153048
24382569
1263399
24859822
3006581
10554309
4074636
5269222
1827374
26413027
26118072
5038409
26673089
26265745
26650970
2297697
4009552
1040771
25897476
26367367
26285818
26284304
1040211
26576515
3187737
3102324
26613724
6746289
25954353
1807516
26314930
3879026
26422517
6016234
26599256
4152754
25884890
25848819
20279673
1818347
3347997
4580972
3920130
24163576
4928387
26613047
26298572
3013903
4242406
5347699
6832303
1874961
3890174
24829798
2303588
6784976
21371175
26638267
3785741
19929422
5921802
26367370
3112726
25720041
26594509
6041089
6719658
6249670
26435483
7060186
3615061
3348010
20382491
5395724
4753783
26650957
6794021
5993310
5904212
26608084
26702424
24538716
3140801
26417643
5380266
3813194
4034009
10580802
5939312
3649782
26352281
4718973
1027767
4213995
4067626
6977651
3713327
26387513
3286829
3654604
26347982
6719724
3865832
1228110
4292149
3162513
24153181
10740776
26435488
26347981
21324173
19950139
17724327
3801097
4171951
25697546
5326849
4038615
26277676
4067621
1158934
26650973
4140380
4264003
3212678
4277347
26614581
4898712
5387467
25955474
10594788
1903164
24531011
24737009
21365370
4151180
4116629
26593247
11511204
25713168
7153428
21247886
4732150
24384165
20449829
19951185
6985652
11615173
25737793
3615048
4038672
3162527
26373943
25896617
6716698
1805514
24532591
3112724
25892396
1214416
25732311
11498199
5416915
25881335
1731370
25996181
4934552
3124386
26184241
4729585
1867064
6902164
26534879
3175259
3053207
10594783
4836682
26297985
25841856
1083429
26359751
25815415
1573689
11528304
6716685
1946658
20503618
10572294
26662757
10345553
1927377
3187750
3172156
25799686
25663137
2263077
4181156
25748118
1418707
3683898
10594781
4218911
6558046
10598145
25708956
4038673
25927233
1135537
25918073
4152764
2297706
10473576
4164096
25779594
20379212
25732157
7047148
3238242
6725495
20507419
4152750
10518843
25841847
25840545
20440568
4867367
1057206
11597271
4191594
5919999
5275238
6731202
4191587
1084794
3264211
25986273
26283162
1946666
5992037
10580803
21347638
1980992
7153424
20428306
24879279
11501902
24753186
4903190
3715833
24744495
2336093
6817749
2242467
7067983
3070843
25827236
25808336
11638339
25924860
4903440
1470866
6892576
24538694
3926665
3293574
10740772
25897884
6087394
24846035
19977987
1473895
20432186
4891108
2058096
26184366
1158930
3017205
1156994
2055004
1868623
25722935
6558049
21371465
3715844
1485225
2069906
3310627
4286244
21692860
6060436
11614712
24844045
26422109
4126861
10546184
26628405
25726109
7063845
4220357
5423899
25929213
11498195
4870150
7916107
3654590
23010385
25841848
26388141
24852594
3700600
6151649
4052716
5326850
10746421
4151143
6423665
1485501
6001119
3032747
4836934
6060415
25929085
11607283
25830845
3130849
5401977
6889834
25844726
5938073
6127036
6861465
20267980
25957816
3316174
4882013
2242461
23780663
6903030
25985987
24720957
1940811
2063620
5326846
1389216
6429267
20381888
4026740
1903152
25881330
1948429
2988837
1364252
4035998
26602859
21979042
5372422
24844044
4723740
24535899
2156959
3033932
2119536
11533530
26422518
1908267
26264953
3723829
5975566
19964966
26430273
1032762
6889894
4191438
20559358
2153467
5290397
3608352
11528301
26586493
25897072
3753043
3348024
1207339
26284402
1925060
3526224
1929549
6966299
3189695
24723004
1869711
24876106
10515231
25737792
4038567
3861553
26390248
26184369
5939295
10740043
5950097
7153435
4133164
1421975
6151379
6863330
10549916
24847100
1817370
3629286
6791414
10527654
6556841
25756926
3215515
25928086
19959650
1827376
26421649
24844043
4903189
5260192
21690242
1094487
1437683
23780806
1921617
20428298
4152763
4882135
25854936
20503620
4187219
4199431
2057231
11639553
25900789
25897079
2977023
1530882
3112705
24383185
6725632
26383897
6967992
10828409
26184367
24384166
4934360
5395153
25866561
3204692
10527658
1377736
4262654
26253242
10802805
6847881
3450539
10599717
3052805
19951341
25754002
1387819
26320686
1127253
2027672
10485010
4186835
10494248
3026875
4105439
25811656
1063275
22993089
4047674
25834870
5395155
1158935
10344038
25897664
26257488
2242381
1827375
22606953
22638036
6802423
7047217
20256843
5347701
3101617
22606935
1491253
3210605
26584661
26220158
10343963
25814346
3277264
