25862578
10554308
3259440
4117922
3211779
25924253
26292535
3646172
3836566
25796120
25892399
1783098
26328639
26687879
24153048
24382569
1263399
26653000
26603439
24859822
3006581
25752955
10554309
4074636
5269222
1827374
26413027
26118072
5038409
26673089
26265745
26575658
26650970
26609809
2297697
4009552
20515828
1040771
25897476
26367367
26285818
26284304
1040211
11612936
25912734
26261240
26576515
3187737
26331014
3102324
1400030
1292416
26613724
6746289
25954353
26576518
1807516
26369210
26314930
3879026
26422517
6016234
26599256
4152754
4086927
24541883
25884890
26327314
26667778
4799445
25848819
20279673
1818347
26648636
3347997
26110579
4580972
3920130
24163576
4928387
26613047
26298572
3013903
1851385
4245064
26349445
4242406
26388269
24882288
1376056
5347699
6832303
1874961
3890174
24829798
26434548
2303588
6784976
21371175
26638267
26365847
3785741
19929422
5921802
26367370
3112726
25720041
26594509
5940553
6041089
6719658
25832787
6249670
25767862
26435483
7060186
3615061
3348010
20382491
5395724
4753783
25811761
26650957
6794021
5993310
5904212
26608084
26702424
24538716
3140801
26417643
26671008
5380266
3813194
4034009
10580802
5939312
1085021
3649782
26352281
26320556
26616958
26351997
4718973
20428313
1027767
4213995
4067626
10464337
6977651
3713327
26387513
3286829
3654604
26347982
25756947
6719724
26664095
3865832
11498200
1228110
4292149
1228775
3162513
24153181
10740776
26435488
26347981
21324173
19950139
26266171
17724327
3801097
26046043
4171951
2174017
26598142
25697546
5326849
24538213
4038615
26277676
4067621
5383916
5390091
1158934
10473347
26650973
4140380
4264003
3212678
4277347
26614581
4898712
5387467
20473093
25955474
10594788
1903164
24722916
24531011
24737009
21365370
4151180
4116629
26593247
11511204
26639984
25713168
25846270
7153428
21855881
21247886
25883291
4732150
24384165
24872789
20449829
19951185
6985652
11615173
25737793
3615048
4038672
5288327
3162527
26373943
25896617
24722609
6716698
1805514
24532591
3112724
25892396
1214416
25732311
6025373
11498199
5416915
25881335
1731370
5393687
25996181
4934552
1917078
4252115
3124386
26184241
26349251
4729585
1867064
6902164
26534879
3175259
3053207
10594783
4836682
26297985
25841856
1083429
26359751
25815415
1573689
11528304
6716685
1946658
20503618
10572294
26662757
10345553
1927377
3187750
7005249
26600656
5988558
3172156
25799686
25663137
2263077
4181156
25748118
1418707
6890451
26389907
3699210
3683898
10594781
4218911
6558046
25846260
26692195
10598145
25708956
20470934
4038673
2124556
25927233
25897675
1135537
25918073
4152764
2297706
10473576
25956990
6890506
4164096
25779594
20379212
25732157
7047148
3238242
20434037
1089512
25838564
6725495
20507419
5336428
4152750
10518843
1089521
25841847
3143603
25840545
20440568
4867367
26676112
1057206
11597271
6808505
4191594
2064977
5919999
24531360
5275238
6731202
20390696
4191587
1084794
3264211
25986273
24089492
26283162
1946666
5992037
10580803
21347638
24531334
1980992
26703641
7153424
20428306
4252125
24879279
11501902
24753186
4903190
3715833
24744495
2336093
6817749
2242467
7067983
3070843
25827236
25808336
10453121
11638339
6440768
6967983
25924860
4903440
3427154
1470866
26576913
26275049
1280603
6892576
24538694
3926665
3293574
10740772
25897884
6087394
24846035
25829049
19977987
1473895
20432186
1324893
10529972
6395281
4891108
1881118
2058096
1082159
26184366
25977519
1158930
3017205
1156994
26603231
2055004
1868623
25722935
6558049
21371465
3715844
1485225
2069906
3310627
4846126
4286244
21692860
6060436
11614712
10549078
24844045
1079629
11534920
26422109
26387514
4126861
26687880
10546184
26693258
21683004
26628405
1020393
25726109
7063845
4220357
26388286
24527549
5423899
20493367
2032117
25929213
20389191
11498195
4870150
7916107
3654590
23010385
25841848
26388141
24852594
3700600
6151649
4052716
5326850
10746421
4151143
6423665
1485501
6001119
3032747
4836934
6060415
1962078
4838098
25929085
3921405
11607283
25830845
3130849
5401977
6889834
26603305
25844726
5938073
26352032
6127036
6861465
20267980
25957816
3316174
4882013
26271231
2242461
26451357
10826858
23780663
6903030
25985987
24720957
4852100
1940811
2063620
25977518
5326846
1389216
26252198
7916121
6429267
25829361
20381888
4026740
1903152
1316443
25881330
1948429
2988837
1364252
4035998
26290627
26672742
26602859
1012242
26430181
21979042
