26587564
26291984
26698223
26681349
26580056
3990022
26337198
26325928
1779243
26274949
26602756
26420555
26052898
26612460
26676586
26209381
11588848
4282084
26431215
26411600
1007928
1082524
25913058
10587562
26657845
26371256
25870998
3765620
26685167
4213525
26590933
26388796
26529262
26382879
3998734
2381950
10738211
26683667
3990023
20487300
26421209
25961294
19900003
26698598
26337959
25836825
1291969
26318312
6003067
26685720
20382249
11601218
10426611
7058387
10440130
10511063
1017818
26237097
3669671
1030054
24875976
2249390
24525262
24696954
10588835
26335158
1001193
25928292
26022685
26427579
1039460
26582858
1603076
26394852
1960287
1035326
1068606
26636442
1823058
20500583
26576531
6872434
25986508
1017563
22062214
22993177
26369862
3711444
4048631
3166511
25808956
26345725
1046946
25849608
10746325
5262872
25904481
25912807
4904074
1788967
1287508
26262056
11613687
26644958
3032690
24882996
1955691
25875090
5502934
4062254
26271992
1000213
25966753
25953656
3316828
26457056
25866762
24696662
25836467
25953928
10801135
1536706
4722905
1270508
20386034
26273245
4265526
2277314
26337651
25731397
1603077
25737804
19950884
26133321
6711905
1870003
5985153
1291987
1960256
11600001
25941184
25940387
6982049
11516079
26281271
25959167
20366533
26285254
2376570
11506941
4904073
6829323
24381378
10537662
1923669
2382924
26381071
25981059
25819569
11622273
25940932
6838635
21240056
4126702
5906099
24371549
6068109
4280762
24152951
6511745
3673637
3544984
24869024
2002333
5379138
26288173
2296690
26261036
1007122
26588890
1868874
10876101
6754140
1321897
2122484
1096240
21345677
26589351
6809824
21233389
26359335
10567183
3024802
26686950
1068907
1874782
26390072
3070508
25981972
24851265
5935775
4721109
26265092
25795773
26292968
4852397
1028476
26602858
26276766
1358431
10466439
4895095
26341423
26461138
2228784
3364044
25807354
6845414
21321682
1385584
1012039
24878152
26657032
2078883
10593881
24863307
24637324
4129099
19894464
1449168
25831306
1460852
1292443
21354012
1432333
2978515
26582265
26419902
20386247
1160888
2079491
10759174
2269273
6527751
3211567
26367738
3360359
24545128
1775629
25728167
26666130
11026297
23756125
1483086
3332661
2068611
3145722
1626948
1399465
1082985
24866081
3547099
26313692
20497818
19970056
4934444
26371103
26452834
3887878
1812687
1084616
26680353
25731355
6713066
1012256
26314461
10877343
25981904
25982233
26142174
3908779
26658411
1761685
20424613
24846641
5983379
20282052
26610911
25981424
24838209
2206577
1277896
10558142
10864608
22155952
1022897
10482369
1493922
1020128
26352877
5935776
26436532
6758797
25873157
25984382
1082798
4009405
26301729
2997366
1417337
25816109
1034615
24858490
1041888
26415199
25929815
6759995
5299857
23777102
20423230
25971478
26693274
1072739
1869205
26589791
3247976
6721187
25975191
26661292
1185747
6062359
26673294
10801274
26044320
4836821
4237632
20382570
10760397
25892661
4117623
7564239
25825445
4005936
6126924
4137178
4851567
26282214
5261218
1077119
10580297
1951075
3886583
26393013
26334907
10759332
6732223
1474889
25790355
25934321
2353663
2279232
6857233
2679108
1912231
25730234
6798709
26285325
2244720
2070080
1079680
25728813
10572125
1829794
4197206
24379781
25789478
20494766
1064864
25789347
25760217
1381728
11498573
25815617
10482224
24089252
5414613
3592474
25923455
10423724
26586249
26577709
10550554
11534281
26435275
6534712
24706903
1389925
1010738
2302310
20423227
5382919
1944650
4703007
2299982
6309233
2281905
1812733
1050407
1382848
25859930
20381880
1620134
26569631
1937996
10593618
24843657
25920560
1729490
2377940
26273350
10775623
26653310
1239663
5397340
10583078
3206941
3125458
3128046
1366339
1909506
26726474
23217342
25975610
3516754
6517318
6914425
2224412
23270810
25766541
7064581
1949068
1764063
4820440
4863532
1480797
2053144
1498788
6847769
26672154
3347965
1320205
24873049
21332126
25787958
26650062
6012460
26636418
4891324
25997017
4725184
1505757
1227959
1009188
2035191
26297786
3126928
2075659
26321332
1357843
2037211
3153661
6714848
1768475
1463771
25773914
5375608
25878800
1264442
1358395
26279396
4097766
20381526
2376990
26386463
1047794
1441323
20480834
1441869
24706904
26236917
3233408
1001801
20502597
1981019
3184279
26107591
1078036
4115076
1493709
25860333
25808349
1912786
3891981
1912232
25725615
1790130
20451797
3643409
25870245
1418599
