26704403
26606366
26593670
26418475
1003479
26598484
25750468
3057556
3813669
26435040
26413154
1027191
20424526
1315190
1004821
26591565
11229072
26320417
19920715
26581737
1144185
1077528
1277981
20463108
1468426
25881102
1032063
1041385
10434849
1060774
26285190
1025723
1015748
25953571
5408882
2256351
4202004
2382433
1012307
1056315
25963469
6397522
6772248
1050929
25947310
26592899
6401128
10758290
26545443
22806583
1014825
1006560
26574388
4199363
2363834
3101021
26577706
26327548
26369891
26644832
25717418
1053623
20503529
1433411
26612253
1139065
1076378
26388427
25717107
26591910
1028268
11607261
3163104
1139360
1400195
1070007
3431988
1787729
26651780
26683268
25908550
21325858
25971624
10796986
2158889
19976381
25708714
25758414
1247769
25778829
1762869
26598775
25869117
26612502
1439441
6110110
25909003
1657455
3277599
10764363
26431647
3260366
25882350
1051943
1048930
1025001
1916533
25733957
1876966
1277275
1065977
10563202
26647781
3662234
25863979
1053009
5906321
24847834
5372471
2995621
20266235
26253701
10770743
21325515
4199761
25801298
6310946
1438562
1027030
26661517
1009105
26388475
25730239
1196945
21432137
25892730
26260335
26366705
6152993
2280161
6977757
1036478
3580750
1809150
1223052
24700123
26584823
26577705
1252057
