4820710
26606366
7163250
10471333
25886351
1041482
26593670
25986748
1003479
2035179
10583099
25750468
3057556
3813669
1261560
26435040
26413154
25883305
1027191
20424526
26584746
1269182
5299764
1059336
1858410
1315190
1321789
1004821
26334500
1981042
1858576
1018136
11229072
26320417
26705829
19920715
26581737
10797092
1144185
3079029
1077528
1277981
1212199
1476213
1675478
1005492
20463108
1468426
25881102
3808982
24851460
1032063
25938605
25844463
1041385
20366370
1002299
26702850
2376486
4113090
25782520
1015699
26279878
25760457
4258830
10434849
1054917
4729583
1872158
26593679
1068912
1060774
26285190
6428468
1949338
1025723
1001885
1015748
25953571
2081876
5408882
4229282
2256351
4202004
1062991
24257591
2382433
1426971
2025235
25902226
1424314
25808056
1056315
3097539
2052448
1424420
26707594
10472702
1082387
3815131
7055441
1424313
1315844
6397522
6772248
1037060
1050929
25947310
26592899
2029680
4315361
6401128
5922204
10758290
1962923
26545443
22806583
3816883
1476218
1014825
26712353
2253642
6892579
26544961
5288371
6085181
1006560
3009821
4199363
10598170
1463256
2363834
3101021
7916069
26577706
26327548
2062599
3648316
3626924
19977771
26644832
25717418
1053623
1030503
1434071
3274113
11636077
26133770
26602453
20503529
4832553
1433411
26612253
1139065
1076378
26388427
25717107
1028268
11607261
3163104
1139360
10601137
1400195
1070007
5401989
3431988
25870991
1000280
6429781
1787729
26651780
2005481
26694140
26683268
1125731
24748615
25908550
21325858
25971624
10796986
