26425831
26382433
6781808
1013208
3533221
5437113
3369793
25960141
3261600
4207781
1320282
26584286
3284547
1007914
2345548
26705829
26689753
26337663
21617765
3465080
25783654
2124114
3826899
1095634
25907227
26594366
26304087
3389960
25923082
4726323
2080764
26676586
26596363
25913612
3576486
2275635
3420606
20280677
26656532
26646634
11623716
26379069
4177120
4139056
1626707
4010185
5248516
1005325
1221482
1485597
3880832
26133770
1067049
6084402
6510688
1022318
10747391
3759379
26373220
6432399
4864832
10603541
2183559
3655433
25749879
2823823
25778829
11603298
10764908
3266345
3371227
25733170
10493119
26470077
25978468
26614139
26612510
4309584
25845203
25697495
25833051
1927902
10436418
2310418
25963145
25965995
3715623
1181690
3891855
1477442
3743038
1151386
1101921
1047719
1101447
26293220
26384117
1077778
26674037
24706978
1069805
25830853
3249247
5408860
6510070
1077129
1829799
1065003
26683846
2052596
3699108
7154320
26417964
10773248
25913208
6709834
1440146
26352480
24708326
26328457
1161817
26394207
26319794
5359838
26278795
1183730
3755086
6523827
1967845
4149287
1824306
26652164
5038750
2212128
19965872
24756462
20258531
6800784
5906677
25886309
6713131
1879497
25931208
6771735
26412796
4035330
2165084
2117871
25838364
5378929
1038663
2969410
1168575
25864044
24307508
1002815
26595310
25876244
1417379
5917677
1731825
26682112
1394365
5338024
1420862
1439253
26607336
25866338
4832665
2145946
26676574
3420221
1850407
1173463
26580132
26268737
25712707
26675905
4199248
25834256
6429253
4816212
1956019
5354379
25732738
1461005
2287712
3845101
20281425
1223940
1879829
26383741
6127332
26644961
4169495
26312412
26426124
4247329
26677439
11538005
1134230
26586892
1184872
25809148
25842419
25925226
11577251
2261591
4230636
25778837
1451698
1000972
1063245
26257557
4711466
26593192
22224887
26337198
1427679
3003684
10466438
3518087
6529943
1014914
26422638
1934766
25900181
10758030
6853265
25871818
1835678
26707322
25551562
25915102
3999126
10602261
2331448
4758246
4001445
5299980
2113347
25961690
26605984
4760770
6971390
19941577
2364723
3748247
5372542
25871630
1013762
20258506
6781745
1418099
1921568
5339693
1425813
1290969
2141865
4097785
1849458
6438293
2327354
3696829
5335800
6121183
6968276
26362196
4169625
26380736
1277083
1803504
11612235
4847299
25943155
4201324
1725606
2276901
20272118
1065931
4143867
19994889
26695673
26420533
2229649
1433640
5354378
25801138
25941179
5934941
1082165
4201118
6100929
1015941
20414886
5389759
3241963
4137809
1291278
2304415
25870261
26434657
25784167
1038305
25921218
26429888
4254702
25761171
1029841
26005639
5908640
1171256
7056695
11527058
4266008
25773343
4852805
6736113
1433835
19935531
1769237
24295802
25975112
4238299
1017242
1899006
26670874
1756614
6868959
25819593
4201728
3205317
4740002
10485841
23782049
26658538
25833287
20494282
1799933
5038844
6872019
11579804
20390250
1817494
10743132
25910582
3299715
4188435
24754226
4836530
1310154
25918542
3596979
6060517
3140796
26296697
24529161
26392099
11637320
25807664
3300884
23134220
1322091
1843001
1325134
5946563
6983584
4846213
25734421
10540308
26611866
3002766
6802416
1423818
24383564
1056636
25751763
2068955
25917623
26183838
3916049
10579602
6430317
26290387
3289287
24745639
2301314
1884510
3314537
4713688
1492804
1466672
2263157
1146989
1029640
1944927
2516411
24379795
26357811
4249895
1800113
4733295
11535667
1891413
4864406
1229822
1256284
24845850
21993349
6395235
1275367
1540211
19941064
11538547
3141960
4759840
25931480
4138066
26640673
5976560
3289275
1799241
5401957
7565203
3921816
1000687
2280312
26682576
10437353
1000904
7007725
3865389
6109582
1146605
25846315
21370327
1160888
10486206
24295824
25708312
4852719
2185342
1006301
1320151
3621921
20506638
3761236
26717862
4194978
4852887
26288910
1019917
4827417
1843070
25712727
26665613
1141545
3115238
4714878
3283582
2117279
23160215
25872646
3265351
3440538
3851799
1155660
7059662
1092251
25999980
3880846
1393145
25793688
5361568
1451400
20019387
25712703
4268924
3717048
1437582
3199068
10570885
1315184
4720475
6013687
5384744
25894673
2349648
1032764
3930339
26630945
26319980
3664843
25934254
6965435
25895144
19957765
10537771
4715266
25718169
10560097
6004438
4796828
2219913
4931797
4006425
1193544
25862900
1072316
26574392
