26264154
26685539
6710437
26665498
26698598
26278687
26587564
20440644
1023045
3995526
25809269
26698223
26692621
4238362
1054685
26275572
25984204
26694904
26647742
26693234
3369793
11614503
26672748
26646456
1062343
3369600
1088581
1253310
1060852
26272073
25787364
26653018
23008971
3071717
4124727
1865089
26390229
4207781
25961455
10555509
1003284
6388661
3057333
1027191
19958089
10607793
26413835
5910656
1059336
25920202
1254588
26053771
26372186
1767945
3014576
26426917
1361264
1060068
19940743
10569855
1692648
4187411
26253714
26430928
26682087
25846182
6397275
25778837
26371292
10522856
21360827
1760432
1017839
25697520
1050339
20463108
26325928
21617765
1209899
4884218
25982254
25895442
1015864
26639786
26679240
5366382
3339812
1012401
25944034
3344676
26363718
25753361
4313207
25847717
4113090
1449352
3522695
26416401
26610864
1005358
26451439
3757732
26663951
25731506
26315717
4843155
4729583
3765331
1056461
1949679
26710589
2240482
1227844
4714015
5410174
4313080
4238162
26348734
3014444
3642673
25818124
26281730
1830445
1001885
1924318
20444403
2136484
25744944
22163516
6805144
1292412
4773224
1053088
2070844
26538428
10607710
26325605
1014561
26367364
4238144
20425053
11588848
25639223
1165173
4881850
25913413
26388373
1061242
3901880
22883503
2212371
26581961
1426971
4882023
4151117
1015767
26318808
1079252
3740431
1056315
1000121
20433554
26590901
25897490
26646595
2294993
10519369
3297888
26700864
5269439
1014578
1491153
6558707
25898124
1016429
1442720
1017238
26583471
24307336
1050465
1962923
3191322
26637781
2033081
1398441
1014825
25918820
25921293
5327690
5336228
1058679
5327697
25913058
10587562
1012032
25870310
4212607
26657845
26357269
1073349
4212245
2042633
25886172
1626883
4872671
4132801
1003986
1029111
10439880
26436067
1007196
1914636
26367995
1438816
26676208
25808222
4872222
1264104
25696089
1485597
4912688
21692813
20278799
1492634
25935075
3880832
1933931
1023000
24845284
25762598
3393056
6902639
3265177
25735727
26595964
26697033
10537640
4809777
3662421
1460313
25870998
1041616
26362975
19963049
4038569
3765620
1036490
24527845
26658076
3075281
1859140
2156168
5980582
6937888
10956085
3018322
26647328
25870967
10601137
2216583
5401989
6534897
11505930
1032645
1856285
1045201
25741244
25802595
25889953
26657171
6864307
2136140
26388494
20278327
24525766
4241023
20433556
24671183
21346636
26718556
26388796
6558709
1262986
25935074
25719513
26331783
3815126
25917467
25871638
1762869
1291211
26615297
2010284
1013457
26662549
24876477
2256438
20278040
25922767
1760548
25804649
26640167
3333989
4124716
20513012
6558705
1036787
26590273
20499677
26427233
1418180
1915958
3547099
5908161
1029940
25788697
26263052
5252677
3606804
24721230
4243211
26416549
24922716
10554464
2339950
6126821
4199685
5914484
1083089
4246151
4766921
5914563
26427098
2045811
1288925
10738211
20272112
26685366
2988943
26291216
1823785
10743137
1004992
1776683
25748787
3401286
1041414
5905348
26315075
10794792
4749115
3566368
1949674
20413794
5908654
1049215
6558708
26437752
26359009
1401795
1087421
25742023
25961294
10594802
11600479
25774772
2143304
1491630
26650614
1079104
2310418
19900003
1015403
20433553
25956991
25912887
25908110
3669408
3771868
1491239
25958461
10834769
11614293
3323311
3131048
25986624
3673671
1815640
1755871
1888215
1343089
1415311
4905854
1794844
1055709
10877051
3860856
20375538
1760730
22741371
1075538
1005353
1082578
1049688
11588627
25798977
3391717
6558706
21690414
3698390
5355829
1062423
1047719
1349683
2257188
5332948
2119843
1054889
2988901
3662230
1734830
1116338
25904933
4159088
1939594
4156422
10581659
25850737
26177823
1819978
3863494
5383175
6440324
1030789
1069805
5333599
4169342
3521168
25819935
1030307
25879527
10732771
2282097
3065232
25852665
3604517
26335638
1288913
3270617
2213246
6110262
1028201
26416276
4260576
24297906
4908886
1829614
25777461
6977757
22229354
26237097
1061679
10345571
4836601
1029159
1030052
5363278
3669671
26379073
1460123
25951868
3009033
6794016
3713237
10541061
1082696
6967980
26359066
2052596
25788092
19986372
26284233
4169341
25776456
5290534
1273759
22542435
4189980
20366457
4274472
3311009
2295324
2382705
6430022
1001204
25847224
3621542
1004719
24875976
25913208
1082398
3684227
2036993
6709834
20433557
3267934
2068249
5404877
25827812
11602267
