1291204
3930318
26692468
26320883
1102715
1320282
10750155
26708119
26320244
6434486
1400030
26337663
3288908
2124114
10590856
5958726
26594366
26163454
10455982
20494401
6749832
26184242
1322358
10522003
1138353
1626392
2201479
10773362
1484425
1885170
1437852
2061116
3071402
5257905
20432061
1030898
25829287
1049136
1277169
21323941
1391740
2221395
1588297
3715623
20382244
6712293
3171735
26546914
25717380
3595095
10779597
20453160
1425950
2130743
26384117
1880660
5346017
1206206
7056708
1102235
3249247
1707050
24872278
1276767
1707158
6434328
21706191
21771587
3144300
3235486
1522839
26681315
4188345
4904723
3774646
1036413
1211972
26673315
3561136
26284518
3629804
2985995
3029210
1782675
26593127
25817381
1130500
25842521
4859891
3795033
3713667
1456890
1507315
3294335
25913349
26711170
1850407
1100657
26696651
26171042
10758624
1448727
3541506
1231399
5377669
2356843
2249354
10779604
1504222
3805815
1232071
1784887
3788399
3258219
1134230
6784981
2139493
25842419
1420339
1428309
1230095
2124368
1231910
5286100
26696932
4098006
1230487
1083985
19949020
1238685
7061949
2305237
26432962
1807941
7006529
26420540
5397287
25873705
4926595
1013762
11506872
1527268
1115600
1507931
1465090
3022640
1130381
6321315
2112359
1725606
4926707
1761179
1996256
1266422
26420533
1080225
1548716
3582335
21249088
1315265
6797621
26434657
1231175
1239791
4254702
1946720
10732014
19952397
1773585
1230328
26600976
21477429
1468622
1152912
3776705
6516233
1263734
1211041
1899787
1464795
26677354
1758235
1971825
20492316
3544903
1010232
1134231
11579804
1231162
25837031
3996242
1500546
1627109
25713498
3904676
25918542
7162744
1453761
26628110
1230288
1852515
1965596
6983584
5255145
1838127
1893050
1320281
21983612
3425827
26647302
5269219
25717332
5246524
1211033
7175280
3425159
11026330
1441922
25845537
1729578
4854123
10471912
1079701
6423666
24703731
6028251
1801389
1245344
1466989
20370475
1894641
2135227
2025549
2120492
1320278
1888111
6097348
4904722
1248122
7565203
3921816
19963465
24844888
26681597
4175522
3027546
1015241
2185342
4040783
2038599
3248794
3132271
25817383
5292437
1684020
26593822
1357694
1138189
2036531
1320174
3898010
3024665
1835311
4188358
3162523
6785460
6129181
7064456
1761370
2285151
3423021
1765938
3361807
3930339
26148739
1390010
1651750
5373898
3235797
3265523
4007200
25847649
1437908
4933040
1262630
1725267
1267165
5380999
1855468
3930317
2059252
1436134
3102009
4825571
1836464
1785817
4010128
3072383
1227414
1728598
1707162
4605553
1281343
4739526
11580128
4138920
3369848
26340992
1030974
2856024
24381562
10831897
2076322
1323573
4214656
5977975
1245531
4291764
3309541
3125432
1152126
6519655
1011543
3099540
1400419
1908414
1313462
1961174
3902335
26274169
1711231
25909372
1479105
1281171
1809644
2568149
6962285
3738532
2039497
3756524
25915707
1230275
4159397
4085179
4010125
1169472
1652002
3155710
2362464
1067279
4787994
1033334
1787516
1114551
25805152
1075376
7055173
10785235
1079698
3515083
1789534
5338169
1451390
24531914
24380499
1707156
1231393
1372834
1032716
2066458
2994505
1650656
10442140
25779326
1726375
6807753
2083796
1231271
7564093
1813616
1728600
1418276
4907691
5416787
6558200
1327048
2870337
2977911
1898180
2977910
5975393
3155014
1541448
1962085
1392709
1758358
1112112
2176676
2160123
1336092
1521182
11441867
1971405
26316200
1833087
3802273
3704991
1230154
2051674
4871292
1843597
2012517
1154204
1841346
3422797
3094759
2080790
1707159
1459548
1516666
3930338
3654708
3284568
2016789
1475870
2309401
3165271
25823056
1771053
4893052
19941764
1061004
4818683
25941373
2051555
3578359
1463091
1899804
1884446
3930856
1003414
2877309
2133183
26364377
6722607
25809761
4897351
10732575
1171759
1020679
1391754
26577879
1947542
1433399
1684060
1062827
2195654
1843802
4619399
3837299
1178587
1822197
5253771
1138451
1237768
4722718
1753109
1283433
6124651
1231933
1862011
21325155
1254231
1933034
24845641
1423046
1478252
26270565
26694188
1281543
3283778
11148305
4130410
1144119
2014481
1797658
1118984
6327193
2053680
1046647
1081676
2144119
1230125
21335108
26657940
20172461
3715244
2878077
1763639
1012558
3032889
3069835
1859573
10785440
25826896
4275110
2035809
1231452
2105464
1230181
