25862578
1770782
26704403
6082808
26686625
26425831
10554308
26382433
26701959
3259440
26672441
26657740
2567698
26340138
4913064
25862578
1770782
26704403
6082808
26686625
26425831
10554308
26382433
26701959
3259440
26672441
26657740
2567698
26340138
4913064
6781808
26276775
26586492
26264154
26210487
26344078
1084336
26295448
3066477
4820710
26357614
26685539
5363767
10594787
26707295
26613052
19894080
26606366
7163250
1008145
1858513
26628811
6710437
10517238
26371317
26698598
1007305
26451351
4123116
26278687
26641665
24934182
25985982
26587564
26669243
25747921
10763902
3211779
20440644
1023045
26640439
26362836
26685994
26314954
3995526
26607924
4908885
1082154
25886351
26657701
1200840
26394018
25809269
26591906
25924253
26698223
26692621
4238362
26580084
1054685
26275572
26292535
3646172
1046265
25884880
26431326
26647054
26593670
26598807
25829693
4011670
25976544
3836566
22714154
25984204
1017143
1863930
2035162
26682066
26647742
1057244
3410718
26309691
26631867
4920007
3608208
7060185
26690624
26356948
1061118
25957852
25796120
2284311
1424741
26648238
5437113
25892399
26363926
26659419
26120130
26305561
26269845
3369793
11614503
26300508
1783098
6518605
26308505
26328639
26665789
26387640
1068920
26374532
26662600
26646456
1062343
3369600
1088581
2035171
1253310
26276924
1082334
1060852
26676298
26687879
1400705
26642866
26272073
24153048
11589032
3261600
24382569
10564071
6789605
2143732
1045818
26653000
23008971
25762009
24754316
25708359
1089243
1090043
2035179
10583099
1083428
2253381
26591590
2159042
2154960
26320883
24859822
6797396
20428302
6811366
1856494
1882933
5337248
26303224
1029791
3406401
3006581
25752955
3071717
26681994
26584559
20443559
26672693
10554309
4124727
26681985
1041007
4074636
26394876
1865089
5269222
6973970
1008988
1827374
26413027
1948901
4207781
6880158
3239549
1064275
10774752
26657573
1085860
25961455
10555509
1022238
26602467
25883305
5038409
4881639
1003284
1141406
6388661
3057333
26673089
3610681
10779650
26111124
26298590
4842446
10560798
26265745
24736899
1431870
1003000
19958089
26663864
26681709
26261735
26286208
4010969
4742918
2053249
1086249
1829226
11601199
6152040
10607793
26575658
26650970
1084165
1336330
6781794
20441569
1022060
26264967
1059419
10757940
26710671
3899039
3402999
1873231
20392523
5299764
26686006
1085799
1203426
2250587
26591790
5910656
26594676
2046807
1059336
25920202
1254588
26053771
26372186
1393447
1083762
10549934
4009552
1767945
1255625
1082406
25961458
4760224
1291809
26710670
26426917
26280924
1449351
20515828
1040771
21979017
26616226
25959838
1858410
1361264
3633461
25952961
26376049
25897476
26661067
1855364
5275059
1321789
26171593
26295450
1060068
1465324
26323408
1192090
19940743
1009257
3284547
26431631
26367367
26284529
1004821
3673651
1007914
1071241
26675529
10569855
4105446
4903692
1461987
1039487
1083433
10512506
6431994
1692648
3391248
4187411
10512236
25756725
26354318
1200842
3228779
11584574
1858568
25981277
24845582
26427575
1789837
1040211
26627837
26377363
26599283
26253714
25733470
26262141
1858576
26617142
25882276
1018136
11612936
26639133
26667817
26728018
25970429
1061803
26412776
7065521
26341367
26430928
25891771
1082349
25858680
1136881
25846182
6397275
2052049
3079029
25778837
1082518
26461519
26349261
1119522
1322455
26371292
26261240
26628022
19963470
1917972
2244146
26576515
26577096
26480625
10522856
1432596
10738023
26258374
1037602
26577690
4885241
25815309
1418058
1147193
3043562
1212199
21360827
1760432
1082138
2295163
3102324
1115748
1017839
1050339
1005492
1316648
26613906
1013129
2158161
26022097
1292416
1461903
21617765
26264210
26700526
1209899
26384985
1258490
26410730
4884218
3311253
25982254
10569619
3136271
1014278
3025618
3808982
25895442
1080370
1394364
26700416
25829434
1015864
26677797
1483894
6746289
1255624
2158189
3803820
1442869
1883245
1963684
26676528
25891911
25954353
26639786
1013380
3448867
3578470
26679240
6953273
6800379
21460732
3826899
26576518
25757313
25959972
25717151
1080309
5366382
26378466
3673771
3017857
19962936
5993314
26369210
1456692
3339812
1069848
26701496
1002299
26314930
25944034
26353607
11528350
1417385
3344676
26363718
5337254
20376604
4313207
1401841
10807374
6016234
25847717
1020961
25826936
25941890
26599256
6712407
26276409
1024197
24380577
26276279
2373242
3169746
25782520
2042538
1964774
1449352
1213546
3183775
1786670
1418686
24540864
1038196
4152754
1469878
4086927
3522695
1034067
26610864
24541883
1077492
10768068
