26576861
25985021
26602392
26700808
26685539
7163250
10471333
26698598
3162991
26587564
26291984
1012611
26314627
20440644
26314954
25886351
26354440
1041482
26698223
4238362
26275177
1054685
26708306
1795079
5366248
26418475
26150549
22714154
1863930
5375620
26647742
3410718
7060185
26363926
26305561
26666589
26672748
26308505
1003479
1813841
26665789
26387640
25960141
26662600
26646456
1062343
1253310
1046492
25787364
26653018
26652242
25746578
26687647
6789605
2143732
26673156
10583099
26695223
26320883
26681333
6811366
6712255
3057556
3813669
4124727
25902942
25961455
10555509
1022238
25883305
26680436
1003284
5414391
26681349
1027191
26425892
26580056
4842446
26265745
1269182
1062193
26665230
6152040
10607793
1941558
26292057
26413835
6425061
1022060
1873231
26686006
26276743
1203426
26594676
1059336
3260902
25863621
1393447
1083762
1767945
1255625
2328458
26707803
25961458
6539859
1225983
25777432
1858410
26584734
25952961
26319730
5989373
1315190
2326403
26584286
26677405
19940743
3284547
26334500
10569855
4903692
26284304
1981042
25981277
1922216
21267489
1097397
5990251
4230237
26591565
19920715
1144185
25846182
3079029
26461519
1322455
1917972
25811462
26679036
26689753
1675478
1050339
1005492
2283920
20463108
26325928
24880341
3311253
10569619
25822105
26578484
10590165
25978763
1883245
3707886
1958685
26639786
3448867
4071859
10828002
4579688
20501147
1004322
3339812
22993873
10607615
11528350
3344676
26686234
25847717
26274949
2376486
4113090
6712407
26276409
1964774
1015699
4086927
1034067
26610864
4146756
10540815
1059258
26596713
25845647
3389984
26451439
3757732
4258830
26663951
25752592
10434849
25697555
4312810
26304087
1025643
2223180
1922246
4729583
1223845
1949679
25900802
1068912
25811516
1227844
1792668
10740958
26628827
26548374
4313080
2258034
4238162
5399227
26644827
5040220
6428468
25934300
1949338
3642673
26052898
1017334
25818124
26612460
26281730
26701097
1025723
1021273
26652354
26674136
1001885
26349445
1924318
20444403
22638869
25744944
1803022
4773224
1053088
26538428
26596363
26325605
25913612
26235729
1014561
4238144
6079823
1870268
26209381
1883991
25902222
25913413
2256351
3987362
4202004
1062991
26298597
1036541
1061242
26265303
3151990
3901880
3289274
1426971
4282084
1012307
2101774
4151117
1015767
21363162
26423783
1008189
20280677
3273876
1056315
26653460
1924213
26431215
10430397
25961497
26411600
1424420
20473505
10472702
26367370
11623716
4167567
26426959
20389202
7055441
6557925
26612656
3227478
25799716
26314606
2294993
1040466
25844017
2005705
3697494
3719342
5269439
6772248
1014578
3007268
25878880
21346008
1050929
1286547
25898124
1016429
1017238
26658841
4315361
1319910
10758290
1010204
1076685
1962923
3544376
1315199
10739689
26647114
26627873
22806583
2033081
1398441
4131380
4818177
1014825
2046236
4886245
3095037
25774379
25836270
25918820
26388428
3410709
26422097
6892579
5327690
4292120
26646201
26545313
2046977
25913058
1079708
26544961
2076886
25803556
2032141
2747765
2326273
2999785
4212607
24324704
1073349
1325507
26552069
3643270
4212245
1791664
6879356
1006560
5379664
25886172
1409704
21458706
1995655
1463256
26608142
2363834
4872671
25945487
3101021
26577706
1225977
25911978
1070711
26415165
25751763
1005325
1007196
4082434
26369891
3833024
22519910
1264104
19964304
26136989
1006884
26235467
1849409
26394095
20278799
1492634
25977110
25935075
3880832
1933931
1023000
6790599
3393056
26411095
25908552
26361453
25717418
24875416
4934845
4115698
26706346
1053623
1201620
7174792
26715901
1422105
4101013
24527462
1082407
11636077
1063852
2076623
10537640
4809777
26670577
26561444
26338071
26133770
24736494
1460313
1041616
26393693
19963049
4038569
3067169
1433411
1911687
26369908
10757938
3062632
5348044
1076378
4312829
17153313
3376635
26607254
26592869
1229822
11607261
1859140
10482102
3711709
2156168
25751322
5980582
3018322
6732178
10601137
2216583
5401989
1054760
3266617
6391212
26593188
10553189
3431988
3283983
25870991
1032645
26419408
6890903
24529164
1787729
26679927
1045201
26286741
6990084
26579284
25762288
2275502
26351113
1823533
3128801
25889953
5408858
25900305
1125731
26657171
26658022
1064707
3111928
26388494
21325858
5988185
26636365
24525766
25918895
4241023
6028977
26215044
1277259
1020547
25872094
3644095
5341225
19976381
25708714
2174017
6822342
26677055
4238875
