26685539
6710437
26698598
24934182
26587564
26698223
26708306
25984204
25986748
7060185
26575812
25787364
26320883
6811366
6712255
5414391
25920202
1393447
6539859
1361264
1060068
26640061
19940743
26584387
26253714
25778837
26371292
1917972
26480625
1017839
25697520
1050339
26325928
4884218
26639786
10439064
26580165
5366382
3673771
26389520
25753361
3522695
25924242
26318944
2042063
1056461
26686231
26420555
4313080
26052898
25818124
1001885
2136484
6265745
6805144
26325605
26209381
4881850
26708780
26388373
3151990
22883503
10555535
6558707
25898124
1962923
1529893
26576605
4131380
19950612
25918820
26422097
2076886
26357269
1029111
7064313
1933931
1130367
3393056
20326626
26670577
26303593
24736494
4038569
5348044
3765620
1036490
22513484
1019624
11527101
1032645
24529164
26679927
25762288
25889953
10485696
24671183
21346636
6558709
25957012
25719513
2201813
3266345
25804649
26640167
25834004
10554464
6126821
5914563
4618225
20267987
10743137
6846465
1041414
26315075
3566368
6558708
3063889
26421209
21692809
1828090
10786476
25912887
3771868
5264779
26318312
10834769
26546692
5409459
26276398
1812223
1075538
10426611
6558706
21690414
1051440
10770743
1252429
1054889
26333266
4159088
1939594
26690392
3905366
3933045
25811142
3065232
26270390
3604517
26308388
6387054
26417693
26237097
6556332
2381093
3669671
6125543
25788092
26630973
1273759
20379760
6430022
1001204
1082398
25895465
3267934
2068249
26696600
25901711
6516050
11542577
25827812
25752284
6844469
5419801
2258336
1010888
1129216
26352276
25876615
25964392
4933087
1056868
26335158
6084703
4314289
4922655
6131589
6826619
26358482
5423785
26582858
20266046
26394852
1960287
10570587
1878708
5408863
1035326
3218534
1063190
20434038
26677707
26636442
24883513
26341609
4208780
10567230
26608166
3103080
24737039
6872434
3155180
5366278
1907199
4849378
1017563
3759806
26374505
1275907
5290370
22062214
1020241
25943374
3769019
5423772
26538466
2237621
5998988
25808956
11505636
11528305
1008732
6021094
5275500
11602263
1314467
1095834
1079838
5924289
26286113
3689121
6826615
1438461
4920062
21979064
3698398
26360790
25283615
26262056
11613687
5260232
4246980
26580125
10354317
10439392
3316422
26695270
26592888
3607117
10344040
1024810
7175388
3215829
6731566
26427659
26632580
5299847
25798865
20509141
1790547
26709847
2161983
3223917
26309123
3673672
1478608
25843910
6815828
21734703
6802371
26457056
4820214
24878414
11508896
1069660
6121542
6735944
26369033
1082694
1903073
1949417
25811764
10537645
7067934
1040351
26331014
1382846
1902628
26341426
1015123
5408843
24750097
26661037
26314957
3092871
3830729
10522595
10439099
25731397
25726145
19954650
25697790
4038021
5336240
25849381
25846976
3560136
6815827
10808988
25816576
25910860
3730043
26587241
20283087
25841479
3012689
10512240
6990393
25844486
1075495
6039233
1072966
3054373
1433336
1411023
6728876
6397533
3274182
26281271
2130184
1358243
26293762
4137276
1287823
5269117
1065239
24522678
3182236
20395899
26579735
2376570
11506941
4160472
24319356
6963723
7063932
1785502
6829323
4906101
2070012
20258503
26044249
1949485
10517247
1850861
26266144
4920107
25880420
25731387
26381071
3072831
5914556
1962409
5338233
4126702
1478525
2118032
3658090
1035165
6510522
25822231
2330383
20374768
7065560
1372067
10827882
25985414
2002333
25748016
26592555
25961907
2136133
26694296
19961797
20388014
24523626
1465067
26420915
24396665
26258165
26393180
10582058
3535792
1053249
26611202
26665553
26357251
10548980
1322852
25917842
26594072
5940434
25746547
20392561
3024802
1068907
3924138
1342175
4252006
26666477
2282081
26435489
3866002
25981972
24851265
23780549
2265843
10608244
1939267
4852397
26108431
19943826
26331660
25850073
2371312
23694625
26333938
3826575
26641785
24718653
11614288
5408850
24700151
25996872
10433224
24859803
7916068
26603615
5381983
2068211
26182878
21329337
3255922
26665171
25744258
1079739
6845414
1060931
26351997
1012039
24878152
6759253
26133573
19973695
11589942
26446492
25699117
25901715
1012956
2055803
26598937
1469333
1070899
25980979
3665961
1013801
4772537
25982610
10593881
26688280
24863307
2079417
4732427
21330932
26411099
11537640
25960997
24838516
6126817
1884249
3735576
26237246
25810830
3174527
26438435
1060637
3266564
26640373
26340272
20509853
1223575
20254609
6711411
1313139
25843172
26419902
20386247
4236926
3223552
