20470917
1346815
25811761
20470916
25893251
26429140
1474773
5949213
20470913
1442680
26634871
2065597
25799687
20470914
6890451
6387054
3785179
25905798
11595913
3134191
2064977
23780875
2025999
1853785
4780102
3181927
25968489
26345261
10529412
1221515
6511015
10759773
3095638
1440468
2067269
4185145
19974860
1872739
5906052
19976976
25975447
11639625
26393035
23780881
26415515
2209776
25701102
24844166
26355486
10443588
20390101
1421921
26232736
3114973
3227126
26576353
1467239
1467599
1436657
1417577
7060214
25982649
26469498
1849458
24755255
4823648
25764905
24308599
1336968
7052661
1442678
1102403
25969607
3785183
4906101
2070012
2285572
2042982
4724472
26262691
1103990
3135034
26596316
21349346
3646652
25829389
26374191
25905799
25980696
2330383
25799688
25799689
4858823
3376908
4739494
1459623
6870077
1474842
24748969
1180108
26430603
3071759
3276262
1932275
5940434
1872343
1874974
25864243
1467492
11501462
4212367
1442681
25882310
7059682
5269920
3091122
4820235
1344548
3996036
1475477
26066755
4009523
26608274
25373041
25932296
6878068
1388169
4055487
1389960
3315749
25913211
3059083
26305281
2039755
10543300
3176553
10789338
3150093
3142127
6864195
10862680
1204889
10606676
24845078
23780878
26367556
3091214
6872556
26274361
25850925
3057111
25835407
3449759
2077008
3765218
7155220
1476003
5245537
22171973
25745889
5367332
11621533
4847858
26599668
3172176
1441241
25891891
1983031
2227608
26611159
1507458
1424501
25739928
1848193
25906085
1370274
26616782
1608298
5293424
7058064
26374924
1458188
26050581
2072259
1758767
4204555
3373890
26368284
26393038
1475048
3183363
1226062
25815782
3545614
25701554
3094201
26396730
3215305
24847411
25738452
2066868
26602030
2918236
23780880
25702287
12434051
26314416
11535043
1780565
26429147
4156903
2976542
26430605
1452610
26429145
26429149
26328551
1392604
1419736
25813170
3788360
4817597
26429148
5960874
1932095
26373436
26577449
25797391
3421741
5252666
1442682
26429146
6853624
3259511
10567902
2147002
24522505
26596319
4047026
4197993
3129820
4061279
25921660
11507833
1442690
5288577
24722056
2258803
26286422
25762729
23090057
2282127
10781730
2301755
1800714
26561125
1442694
4136799
1180102
1499186
1442688
1442697
1442705
3334382
6396386
4724495
1440589
10466069
21357010
1049463
5912623
26284257
1481362
1442712
25745052
20416178
26604612
10466756
26631569
1006639
4847861
2380355
1764915
25789813
2994915
26255691
25929945
25835451
1919644
1210303
3190177
2216870
3313342
1424555
6952773
6790841
1791390
20436351
3213367
25879164
1180105
1427788
1442698
19949958
6870500
4195825
2228794
25891887
26220310
25799703
1830208
3439722
3176893
26653836
1442702
4010125
5363436
5992519
1442709
2335111
1948769
25733858
1782294
26274334
1425207
1937582
3048059
24872384
19948883
1442710
1389456
1776127
3840429
6878070
3193774
23858959
2978969
20390735
26355491
10744844
2270389
4188885
2066941
1455527
6952772
3138803
1442711
1937357
3395979
4066638
20502375
4846010
4277448
25739918
26657821
26355494
25767380
1922807
25872631
26355495
2350079
1418297
1417778
2074155
26021987
1439246
25913844
4186113
2972043
2050761
5906056
10577874
1962045
3854850
1370244
25868407
26390905
25817203
25863185
3142383
2158831
1941571
4022422
26674922
25895602
2066962
2078611
24383311
4022426
1351614
1442708
3122531
25940452
3373869
2040056
2270386
2216056
1919878
3792781
5394398
2130986
3714244
1998020
4847863
25946370
4847864
1857022
1180106
25891892
6856422
26669222
25944558
25975125
1807501
10776060
3612285
24741482
3533014
3138879
26359115
25866557
26295595
20435404
4062957
1386229
1223505
1916248
1010128
5354510
3789596
4711400
3394204
24719540
26325775
6814760
2065195
3439738
2127207
10023248
2994137
3188270
10430823
10343611
1271510
1495303
25797390
25819410
2378683
10433882
19935602
1483797
3139044
3626715
3177055
3056022
1467914
6813418
6790843
4707630
7175258
2066931
25791133
10198858
2147006
11632755
2042150
5265029
3866354
1082404
2065617
26352920
25795142
6813425
2158150
2981774
3114953
4022646
4619372
5398574
3002857
26328071
2219293
4737315
26305393
26344130
2067064
3156049
6424167
2071404
20388106
2978460
1962711
4740146
3114448
26317629
2058580
10606490
1939291
25756908
4282178
4747046
11605424
25775310
1434255
1337279
11577237
5293819
5595748
25795684
1436655
