25862578
10554308
3259440
26210487
26685539
26613052
26698598
4117922
3211779
25924253
26698223
3646172
1046265
4011670
5437113
25892399
3369600
26687879
26653018
26612919
26673156
24749465
2159042
25752955
10554309
4074636
5269222
6973970
26413027
26118072
1022238
5038409
24736899
26261735
26286208
4742918
26575658
1059419
2250587
2297697
4009552
1291809
26280924
26171593
26431631
26367367
1007914
26285818
3391248
26627837
25733470
25891771
20470917
3187737
4885241
3102324
2158161
26410730
25982254
3136271
1257365
1080370
25822105
6746289
2158189
25954353
26666408
21460732
26671358
26576518
26378466
26314930
26389520
25944034
26686234
26599256
2042538
4152754
1039752
10540815
26327314
26358994
25858068
26318944
5502995
26315717
25848819
1008074
1069059
26664122
4580972
3920130
25811516
26548374
26575679
4928387
26613047
26298572
6885341
1005521
26538428
26678965
26702742
26367364
1269900
3191044
26673853
1006113
5347699
1015452
25913413
20473089
3987362
26242908
1874961
1400059
3890174
24829798
24736458
4151117
25843908
6784976
26638267
26662018
1346815
26577701
4127527
3785741
19929422
1318126
26671170
20473505
24538715
25897490
25799716
25720041
25844017
6041089
26668822
1035517
6714015
26700582
3259428
3662001
6249670
4047637
26425881
25836270
26435483
2174013
7060186
26646201
4908882
26264956
2046977
3615061
4259314
10587562
25803556
5395724
4753783
4778447
26357269
26258977
6794021
26638269
25886172
26628823
26608084
10439880
1914636
24538716
3140801
3833024
26417643
2158194
4872222
5380266
3813194
4034009
2008284
26235467
10580802
21692813
25935075
3391246
25903198
24736900
5939312
26412327
25769962
26616958
4718973
1926700
26645313
3928882
19963049
4213995
4067626
26369908
5348044
3765620
3713327
26387513
3286829
5980582
10956085
6719724
3865832
11498200
2174010
3277199
3162513
25744411
24153181
26593188
10740776
26435488
1032645
21324173
24529164
1220219
25747597
5408858
20470916
17724327
3801097
26046043
5394380
6028977
1212080
1000856
26598142
25935074
26314932
5326849
2160230
26387525
4067621
26251939
1091904
1848256
20513012
1158934
1031740
1418999
25893251
1427302
1009094
3606804
4264003
1855231
4086725
4277347
6885715
6126821
4898712
20473093
26581565
26681392
26614576
5914563
26593509
3391245
25401735
4618225
10738211
1020670
25850118
7046857
10594788
20267987
11232975
25829051
3842847
24722098
1020959
19985027
1028816
21365370
26281415
26378470
4151180
26250094
11511204
3168468
25713168
20470913
7153428
21692809
2317974
21247886
1457542
26589583
24839352
24384165
25772862
3662234
19900003
5366440
20449829
19951185
26425830
6985652
11615173
25737793
25869264
3615048
4105411
4038672
3162527
26373943
5395162
24532591
25892396
26315820
26276398
25732311
25794334
11498199
5385349
5416915
25881335
24319078
26435482
6714442
20507377
25788054
26585457
6003067
1318120
26184241
6902164
2119843
26616770
1252429
4140396
26258910
7056685
26534879
25900284
25904933
1939594
10581659
26301626
5936610
3053207
10594783
25814725
4836682
26297985
25841856
26359751
25839620
3168460
25815415
26345929
11528304
26411560
4898551
20503618
3920144
6549536
10572294
10440130
25899960
10345553
25923985
1927377
3187750
26578129
25892730
6391166
24851599
6110262
20470914
26309151
4181156
25748118
25777461
1418707
25883054
6387054
1026035
6009666
3683898
1061679
10594781
3525047
2039569
4218911
6558046
1030054
26692195
2158192
1082696
10598145
4823788
6967980
26323411
4038673
25869261
25927233
25788092
6879218
26680310
4882050
24871460
25918073
4152764
22542435
2297706
10473576
4274472
25956990
25714740
25779594
20379212
25732157
7047148
25862578
10554308
3259440
26210487
26685539
26613052
26698598
4117922
3211779
25924253
26698223
3646172
1046265
4011670
5437113
25862578
10554308
3259440
26210487
26685539
26613052
26698598
4117922
3211779
25924253
26698223
3646172
1046265
4011670
5437113
25862578
10554308
3259440
26210487
26685539
26613052
26698598
4117922
3211779
25924253
26698223
3646172
1046265
4011670
5437113
25862578
10554308
3259440
26210487
26685539
26613052
26698598
4117922
3211779
25924253
26698223
3646172
1046265
4011670
5437113
25862578
10554308
3259440
26210487
26685539
26613052
26698598
4117922
3211779
25924253
26698223
3646172
1046265
4011670
5437113
25862578
10554308
3259440
26210487
26685539
26613052
26698598
4117922
3211779
25924253
26698223
3646172
1046265
4011670
5437113
25862578
10554308
3259440
26210487
26685539
26613052
26698598
4117922
3211779
25924253
26698223
3646172
1046265
4011670
5437113
25862578
10554308
3259440
26210487
26685539
26613052
26698598
4117922
3211779
25924253
26698223
3646172
1046265
4011670
5437113
25862578
10554308
3259440
26210487
26685539
26613052
26698598
4117922
3211779
25924253
26698223
3646172
1046265
4011670
5437113
25862578
10554308
3259440
26210487
26685539
26613052
26698598
4117922
3211779
25924253
26698223
3646172
1046265
4011670
5437113
