4238362
1054685
26692468
3071717
3813669
1003284
1767945
1449351
5275059
19940743
3284547
5317075
26606389
25811462
1017839
20463108
25982254
26578484
26679240
3344676
4113090
26276409
1449352
4086927
4729583
26673941
1949679
1227844
3642673
1025723
1830445
4773224
10607710
20425053
1883991
25639223
1061242
3901880
1426971
1015767
2025235
1398395
26656018
26314606
2294993
1014578
1050929
1016429
1442720
4886245
1058679
25870310
4212607
1073349
1006560
25886172
4872671
1003986
10439880
20278799
1492634
3880832
1023000
6902639
25735727
10537640
4809777
3662421
1460313
1041616
4038569
3067169
24527845
2156168
26662051
3018322
10601137
5401989
11505930
25741244
25708714
1262986
1027247
1291211
24876477
2256438
1449348
20411692
3333989
26383472
20513012
1013369
20499677
6558202
1418180
5908161
26588107
26263052
5252677
24721230
4199685
19965972
1427402
1288925
2988943
26291216
1823785
10743137
1776683
25745691
1041414
5905348
4749115
20472534
26359009
2297786
2143304
3669408
2082194
1491239
1815640
1888215
1794844
3860856
1082578
11588627
25798977
6902321
3391717
5355829
1062423
2257188
2119843
4199761
25826578
25850737
26177823
1819978
3863494
5333599
25944294
25852665
26340273
6110262
4260576
26599193
1829614
6977757
3580750
3009033
6794016
2052596
19986372
25776456
5290534
1273759
20366457
3311009
25931540
1001204
3621542
1004719
2036993
5404877
25831406
1034108
26262143
24371403
1427825
4038581
25804641
6802373
25933442
10566838
1039079
25886895
10597973
20395651
4238941
10440147
20499673
20387024
25958626
26294673
1073253
1204398
19986371
2998520
20476928
25886896
1157014
25867203
24754123
1049361
11535030
7055536
2125296
1071821
5401958
10549863
3334654
1008732
5446815
1420862
4842955
19912140
5262872
4920062
6856131
20497889
10876103
3722967
25804642
1059040
3604331
26315736
1072189
2030664
26617174
24706897
26311780
5321843
25661780
5404058
1987453
3392046
22182576
20499702
6312377
24294860
19940741
1822857
6802371
3640150
1768100
1474736
1291355
6539860
26594612
5363274
3651646
1493523
25918524
1427754
26656020
10520050
1484695
25811764
1980222
19956258
6826594
1063245
5502946
6831222
25774256
11625378
6969827
4902836
25697347
25709399
3652211
26590149
6796987
25710866
6808941
1071187
6831032
25741447
23774520
20563189
1919723
1955283
5293030
1322264
1009640
1807769
12278074
5289756
20414904
3279284
25941184
1079509
4859582
1075495
3433208
25799030
2135140
1028805
1482200
1961808
10282578
1733250
1822859
10875996
6100990
25849981
1955325
25902451
1287823
5335800
10441234
5290564
4160794
24738573
25887970
24748616
5938219
25924211
4934669
10582351
25711205
20502695
1438669
1069685
5352269
10517247
5966160
10512507
20414497
1075743
1059537
1014310
1030920
25780158
3621252
10745270
1040865
1341035
2975939
6757194
3908625
4901554
1008003
6877598
25660221
4104794
25898013
2339264
10430437
3253866
23760489
1270511
3033668
4917574
1970116
4915930
5353386
4833918
2287508
2995283
25886333
3093431
1064271
1460596
25852521
4621342
3263790
25952582
4615442
1791880
24743163
1004318
4118599
1145254
20390250
10435425
4827134
1440101
3790989
25909086
6875940
25844640
7007774
3858961
4252006
3866002
1963058
1003646
6711774
24860806
10466455
4215454
1876333
7174705
1046385
3289287
4744973
1421029
26658728
1746182
7916068
25828086
25901703
1815627
25895959
4882130
1082281
25817337
1492804
20499536
10344037
2294982
20451928
20499070
20381997
1030470
2310647
2986026
1437162
26695154
1963674
1974029
1017541
1013801
1016204
25839400
3080607
2022506
25905654
3225748
4149376
26682735
1968643
24890744
6398075
1033195
10779411
2032666
3880848
25806573
6109582
6804833
19956259
1040673
5296489
25891303
1087770
5380072
1421803
3886010
6965468
25857164
25869497
1922030
1831760
24870163
26177894
25918783
1208705
24716171
10455864
1014189
10825209
5907541
25919902
4841303
1203293
1455679
4711377
1004554
25808167
6313273
2134697
1042677
1084445
25777339
11528562
1057827
1070985
1340986
24160391
1026309
2297234
6773642
2076617
4209413
19935557
25871046
6776365
11631817
1915716
26142174
26313081
1763434
5908888
11622366
25788686
4241022
20458907
1324985
1037121
26375776
1073749
6000646
20435400
26279113
5908886
3747034
1069778
1084098
1935554
6875416
4243207
6405618
4104793
1042250
2362698
6875423
21318055
1032937
