1046265
3369600
25708359
2159042
1008988
26286208
4742918
1059419
1291809
25733470
10738023
4885241
2158161
25982254
2158189
26378466
26686234
1039752
5502995
26575679
26367364
1015452
1860750
4047637
2174013
26264956
26628823
2158194
4872222
21692813
3928882
2174010
1212080
1848256
20513012
1031740
6126821
25401735
1020670
25829051
1020959
3168468
25869264
7056685
3168460
2039569
2158192
25869261
6265779
1079440
25869145
3168472
25859657
3931510
1035362
3168461
26392734
25283615
1283273
25869269
1354607
6903030
26237051
25869135
1011662
25869267
25977455
3928883
1767736
10282578
2174014
1330096
2145929
26686229
10441234
25744203
10459781
6757194
1019428
10827882
25931738
24838896
1219178
7007774
1101607
1068907
1342299
25869143
6006579
10529920
6126817
3931511
25869262
3928881
1823064
25869265
10600121
1288127
1000594
5903929
1212152
3932981
25743459
2978796
25987045
3168469
5366434
5366433
1212025
1354608
6059783
5245529
1047447
6722048
3268050
1337293
5986107
4047639
6952336
10473356
2333837
3684289
20432374
1000323
6073632
1038449
7916024
26288818
3072313
1316634
1051911
1080544
1355643
25927692
1498978
1072447
1341021
1067919
1077905
25743455
1340519
5245627
1498975
3754451
6038363
5366437
22225081
5248873
6414338
4047638
1341250
5404220
5414940
1317295
2294526
19970684
5366438
6952333
1340972
26433177
1354576
1354199
1341203
25743456
26035711
11525688
1340624
25846663
4906226
1394544
1317293
26274045
1770496
1770494
1084153
1317288
4187622
4042017
1313520
25723702
5366432
1340766
1475867
3684290
1847718
1218048
26593178
1888868
1472240
1083106
2286295
2194996
6429285
2253582
19970680
25750943
3564863
1341189
3224468
26378986
3196660
1316639
5290404
1345436
1948644
1342391
25763270
1422145
5366436
1344288
1354204
26005633
26270326
24855213
1784558
4282979
20428299
24891481
1479701
25919251
6894204
1216643
1291827
2075137
1073375
2308343
1433691
6079935
1340976
1417145
2294523
1340767
1341034
10557161
2377840
25979644
1915799
1987197
1888877
3862510
26245325
1341163
1288025
3517505
25401305
1395010
1357401
1205440
1772714
4047636
11503178
4822885
1071476
1340870
1363135
1487841
3155160
1498482
1218049
1340536
1032007
26319771
1340809
1370083
3094108
1498979
1026208
1340636
1341242
1341669
3127959
1424841
4906202
3792161
1340529
6081521
1442302
1340711
1341105
6516055
1353740
2294531
5984267
1365544
4085817
2372900
1782391
5936074
3170392
1506845
3127967
1756010
1354021
3900039
1479705
1770477
1770489
1355642
3243274
1340944
5316119
3679204
1341888
1434039
2303393
3161893
1421532
3803783
4195910
3478664
1770469
1452570
11503347
2342639
3221832
1340656
4173364
2159031
1085011
1215559
2149195
3243320
3104944
7156000
3032658
3733708
1355724
1058607
3094331
4213286
1481272
4047634
6903053
3127961
3999983
1459692
3075406
1355041
1915978
1773815
1062761
1438583
3041910
3642640
1008507
1506848
3797879
1395011
3222110
1770466
1401207
3222115
11515668
5341517
1768668
3076209
1357858
1341985
3098352
2719380
10589560
1988884
1038061
7163013
3112605
3127965
11524006
1785337
2159189
1962422
6531206
25960639
1341539
1479695
6538669
1263650
5986572
20432485
3132650
4906200
2146495
4047635
1978046
5379205
1354041
3082065
10344963
3874328
5951393
3112598
1361446
1480323
10589559
1767821
4920282
4103505
3127955
4906214
1886590
1395037
1419226
1919189
3112609
24702639
6730788
1395022
3313438
4906185
1395039
3065001
1759828
1449907
1341519
4906211
1978048
3313456
4903500
11225739
1487847
6729779
3243303
1475868
1355186
1941435
6840007
1480326
6730789
3125893
3112606
20432484
1770480
3125856
1770479
2980680
1906017
1770474
3797883
1808203
1732324
4808313
4906205
4820764
2143454
3127951
1770470
3125882
3866470
25725835
1868541
1354436
3241808
4811344
1461383
1918159
1257097
2237385
3221962
11597901
3243340
3127968
3119332
1354435
3243298
2600966
6523089
3125869
1355042
3112581
1770483
1349060
1793335
3112582
3531718
5068496
3994112
4159064
2046948
3994109
3112600
1354899
3127963
1770481
1770473
4186834
10529295
4811364
3243280
3222075
25699313
1891148
3127958
10808538
3221941
10344044
3203564
1438233
3104996
3125891
3125900
3129629
3127956
3127957
4085815
3125895
3125883
3125887
4808546
20501671
3125897
3104908
