1400705
1400707
3908240
1793721
1078554
1400717
1400703
25861387
3571371
2147647
1793713
25932125
3571360
3571554
3571555
1793718
25873157
1793720
1986386
1036793
2003634
1400725
6784963
5345599
1465705
1028446
2216373
11446701
1858557
1400181
26381177
2148464
2030825
3559051
10529818
2216385
1400718
2216396
25861368
1016079
11446404
4262658
4282073
25918402
1023048
1037768
25862383
3559050
6711386
1062258
2053333
4941427
5959225
4941420
1006183
25862612
4219013
6006064
4941419
2266758
4282051
4621091
1794841
6711416
4941423
2053331
4941422
26658505
1021968
4941421
26140381
6789601
26679393
1021932
24845433
3555349
25983291
1012739
1006983
25862392
25862389
20272120
1043597
1010253
1031729
1060221
1075825
1022885
1029209
1072471
25862394
1757323
25862379
1026236
1013936
4941418
2117091
1378853
1031459
6789600
25861369
2053332
1975351
1012616
2145971
25862384
25862277
5938812
25862385
2343931
3185538
1872737
4941426
2004005
1054905
1468529
24742718
1096304
25860405
2267394
3598824
1002320
25862381
5320407
1939332
1075869
3150951
6833978
1480311
1005742
1016498
2145388
3841866
1559331
2146076
3126721
1544004
1257097
1872736
3250576
1905028
1468530
