2326571
10607793
26386370
25873686
1255625
1789837
1255624
1002299
6827339
1789841
24529235
1321017
1559310
1924213
1049219
24324704
2079345
2337600
1044547
1919201
1264579
3532347
3155622
1422833
1089518
1793132
1109968
26383472
1070851
1212893
20397330
1805988
25846270
2057550
26416533
1316622
2284204
1076045
4252115
4140396
21778489
25886167
20400003
1430909
1068308
3236155
1442037
5367304
4135947
1089512
1975809
24283160
25708139
5336428
1789842
1089521
5355300
25902241
26333114
3705820
26579333
1337303
3584141
4252125
1704006
1431779
1493256
1058956
6437035
2078219
4922017
1212910
4934407
2271450
5423803
6875231
25714176
1461898
1452923
24877322
26134061
1437858
24743902
6802392
5367303
10788158
20397327
1082582
4832584
1093078
20516999
1768100
1441488
1212908
1400048
1261471
3165135
6439354
1425636
1668021
1667254
1209676
3279273
3128115
1480630
3924481
2253753
21778389
1420794
1089511
6730936
1316623
1089510
20516996
2382707
1321018
6969074
26133411
11613971
2382709
2382711
1052380
1961970
1089523
1483923
1738644
3244068
3165385
2342840
1089515
1082271
10466059
3211103
2008976
1792473
2286313
20516998
1777678
1410145
22933018
3851790
1738639
1256186
6560171
4129249
1057444
1083257
4922018
3816834
3854066
3165386
2382710
1430910
1212890
1041684
2570719
1433726
1878819
1089517
1770668
3034205
21778097
10466761
3244065
1607112
1062514
1921362
4734919
1490048
20516992
1326828
1438712
25868476
1438710
4898668
24872480
1442920
4118599
2023843
1010520
24870338
3597827
5938338
6813394
1521829
1088088
11599245
1469429
1455053
20397326
2245889
4199686
2136038
3765367
1822793
3392301
11541374
2118290
6969080
26353351
26365250
4040223
1014533
3275069
2974188
20397341
4116115
1442035
1082319
20397329
2330635
1089509
5417484
6312491
20516997
2218216
6802393
1798421
25910925
2080619
1981376
3389971
20397334
20516994
1844850
1007178
4847858
3726316
6793874
25709564
2567590
1512937
1478890
1312997
3330173
25890347
25732720
2567960
20516993
25751764
23018957
2303445
3675782
1738640
10758278
26278678
1964473
2114580
20405966
6861939
1310316
26344251
1762129
6023867
1033866
3567802
1190868
1050640
2170250
1502083
5908888
6509471
4847836
1089519
1443458
21778288
3271254
5908886
26369879
3747034
25888592
25725506
1059644
1692012
1478487
20434306
3782078
25887999
4129640
3330170
1082573
1276930
6851076
24743901
1877531
4717680
1014493
1681426
3330160
6969090
1400049
4259930
1905837
2292271
26283340
6440764
25773513
7640498
2117066
1987495
24531040
5908885
3265350
1455373
26671922
10563041
1136997
11599246
21778316
1089513
21778498
5037448
6012747
20397343
4909461
1394296
24760712
1779729
3808486
4889767
10618119
3550509
1683659
4053593
25890348
10544775
3177087
25982337
6920058
1436958
2213781
1834139
5350181
4224119
3014601
2329276
20397344
2023846
1426674
1003925
2040824
25962249
2057281
10529099
4144066
1919221
24871623
26266175
1511965
3324187
1420524
22846080
1921433
1136994
2111238
1393280
6886165
4737154
25932509
3114310
1899883
1459615
1209675
2212325
4027476
10574383
1426214
2269576
3712318
1426673
20396039
1824256
25901598
20532619
1136998
25861829
6797143
1820944
3593982
24708299
1440611
1436959
1212892
26244195
1084781
1916142
1704005
1313156
1337302
3560553
1117078
25805095
1139873
1055976
6754274
26706745
3314970
1964560
4053575
3335787
3891614
1261296
3336960
1054015
24530426
3070511
6857773
6525627
1088089
1021605
3516109
24760709
1738649
4056547
10603626
1313159
26313480
3782084
11580823
1914095
6827953
1334569
6126128
1683754
5363212
3938304
1271593
6969088
5376551
6716742
1792435
3335785
1042193
1844851
20280758
6901374
4900280
1086392
1114661
2034946
1114695
1639470
2351258
25805096
6969097
4101205
1437120
3550530
1264931
20496320
2160912
2245873
10762862
1915693
10955948
25935116
2011423
1064461
3873891
6057663
25727383
25714754
3550534
3528109
1512741
6969098
25805093
26161122
1212891
1950378
2017876
1045218
20283093
4850427
2302080
1925201
1207626
26278978
1764444
3782093
5318511
1012995
3884303
6969061
1089042
4709682
24888080
3550513
1212909
6793881
3018369
21714399
3761916
1928374
20451752
2249412
3125483
1465135
3550693
1823247
24720954
20312477
11523457
1511748
3550630
1916919
1872902
2292275
1822785
3550536
