1919201
2271450
26134061
6802392
2382707
26133411
2382709
2382711
1256186
2382710
1326828
1442920
1010520
5938338
6813394
4199686
5417484
6802393
2567960
26278678
2114580
20405966
5908888
4847836
5908886
3747034
25725506
1478487
6440764
2117066
5908885
3177087
1834139
1393280
1899883
1313156
1964560
3336960
1313159
1437120
2302080
26278978
1823247
1476533
1467382
3121041
2924564
2141423
10432664
2569156
3284427
3336964
3176268
3191264
3424992
2137491
3310839
3313239
3284425
2351259
3149497
2249413
2993673
3284424
3267908
3284422
3336953
25736909
6800402
2002035
1776821
2052100
4322238
1102463
1959034
3284426
26279485
25780855
6425842
6860560
5404173
2300103
25780847
3284428
25780846
26279484
2233077
1899881
5503291
26279483
26261271
2204503
20282507
2221865
2270110
2153031
3327047
1912521
2205015
3406373
25738634
25964134
1805047
2378783
25729893
5909861
1844444
2974803
25729894
1288915
1919529
1725662
2327724
1844391
3003712
25784397
25784398
