25961455
26363718
1351678
25922753
25922767
6710437
3995526
4169342
25809269
25964392
3369793
1975667
5337248
4124727
1291570
4207781
26657573
6388661
3057333
4842446
2340100
26662811
1254588
1255625
1361264
26584734
2130016
1060068
5317075
1789837
26591565
25808932
26371292
1358447
19963470
21617765
1014914
1255624
26639786
1002299
3344676
5337254
4113090
4189984
26416401
24531304
1789841
4729583
2972805
2022979
1088711
5337243
4145556
5040220
3642673
26676586
1559310
4773224
2070844
1891221
1062991
1066462
26333998
25764295
1426971
1316607
1341035
1288916
26367370
26578400
20433554
26590901
1337022
26012652
26303995
6558707
3790989
4047782
25918820
26422097
26584661
3662594
1079708
25870310
22745953
26315806
24851265
5288371
26552069
1791664
25933841
26417674
6969080
4132801
1029111
4082434
26367995
25977110
3880832
25762598
1485495
4229525
25913083
1044547
1076654
3067169
3843245
1036490
6048071
10482102
1316606
1264579
6937888
6732178
10553189
11505930
6432399
2275502
6047925
20428088
1205053
3128801
2136140
20433556
26215044
3644095
21346636
6558709
1262986
1261153
1027247
1422833
25871638
1089518
10430611
3278238
1793132
1760548
1109968
4124716
3796490
6558705
26354176
20499677
1353736
3662614
1070851
26434974
10354427
1878740
26593037
11527634
26416549
1045247
1440997
1351961
4199685
5914484
4246151
2045811
1958227
2363651
1458164
1212893
1062229
21361157
20397330
4230591
4173156
4749115
6120786
26293322
6558708
7564736
26578184
2268780
26615439
1892409
1024217
25737043
25883291
3072374
3665874
25911928
1783349
2310418
4912644
6527141
1015403
20433553
25986158
25779213
1056733
10834769
3131048
2230208
3673671
1343089
1038476
1794844
2030113
26253699
1056164
6808956
1316605
1885263
5913472
1076045
4860448
6558706
1347936
3698390
3911404
10956248
1349683
3916132
5332948
1252429
1358873
26701176
1705507
21778489
1372679
4159088
1939594
1762066
1062608
1438562
4884966
26611270
6729209
1345845
26417642
24530428
1915417
25802944
25820398
10563588
3604517
26335638
25902105
26364555
1481542
1068308
26028034
25953441
26613506
1082416
1442037
6749472
3591545
1353219
25951868
3713237
26702952
26359066
20395644
5367304
4322040
2969420
4169341
5411007
1273759
1470158
3699108
1082417
3311009
2295324
26178736
5288540
24875976
1018577
1082398
1089512
20433557
3267934
2068249
26696600
1786649
2376336
26373145
1789842
1089521
1421643
5355492
4215678
1427825
25716761
26299747
1046172
4154985
5918943
6441134
25864000
25761068
3176771
25756932
10529099
4149287
11527635
26288803
1889450
1875187
6105391
10568017
11601312
1337303
4238217
1438948
20395651
1371801
4238941
10440147
20499673
21329129
1031146
1878708
1704006
2115040
1785927
1058956
1353132
1382836
25748848
1371249
26428568
1493147
1049070
4208780
25886896
10794355
26610688
10567230
26608166
1351677
2034893
25875972
4881999
5990434
6820477
3338627
26667759
4906162
6007431
1212910
3604520
26390716
2137767
2375972
25773952
25897884
1071821
25756738
22993177
26113847
20562311
1441255
26369862
5355710
5423772
20270741
3535331
1949068
1420862
1748073
10527118
26655617
6556296
3042785
4901590
6826615
11519297
1320205
25925760
6815824
1461583
26575905
3698398
1776300
1236194
1939451
1335318
26315736
1072189
5337250
24706897
6003716
25737039
26383604
1471703
1867095
11443335
6718250
3607117
3723589
6047961
2284090
1796672
5354379
24743902
5437424
3268044
25737044
2009489
1370048
3313251
1322445
25771613
19945811
1484018
3410833
5367303
6827451
3888039
6967517
20499702
20397327
4067778
1082582
3673672
1731521
26733347
5414131
24869134
6815828
26279028
25709123
4832584
1093078
6815826
3339861
20516999
10427207
26253698
25809148
1440885
26393801
5245503
26373435
1212908
25803923
26603004
25830077
1051797
1012203
2996741
3057741
1021847
26414520
4177701
1668021
1667254
25836467
24888086
1980222
4723735
4170274
1209676
1032581
3128115
6826594
5276620
1382846
1083882
1480630
25919285
5253517
1012221
1473115
1334117
6966843
4293260
3667132
21458711
1021914
1484307
21778389
25704614
20386034
5293823
1089511
1092614
26657352
2377014
1030153
24714343
10553760
26337806
19954650
26608213
1089510
1957045
3123393
6398002
20516996
1059937
5341077
25820165
4218689
1388190
4213445
23116260
2377012
1859649
26104078
1737431
1919723
1870003
1049354
6815827
