26587564
6712255
5414391
25920202
1393447
1361264
1060068
19940743
26480625
1050339
5366382
25753361
1056461
4313080
25818124
1001885
6805144
26325605
26708780
22883503
1962923
4131380
25918820
26422097
1029111
7064313
1933931
1130367
3393056
26303593
3765620
1036490
1032645
25889953
10485696
24671183
6558709
25719513
1760548
25804649
26640167
25834004
26588107
10554464
6126821
5914563
4618225
6846465
1041414
26315075
3566368
3063889
1828090
3771868
5264779
10834769
26546692
5409459
1812223
1075538
6558706
21690414
1252429
1054889
4159088
1939594
3905366
3933045
3065232
3604517
6556332
6125543
1273759
20379760
6430022
3267934
2068249
25901711
6516050
1010888
1129216
1010898
26352276
25876615
4933087
1056868
26335158
6084703
6131589
6826619
5423785
26394852
1063190
26338006
1119590
20434038
24883513
4208780
10567230
24737039
6872434
3155180
26214729
5366278
1907199
4849378
3759806
5290370
26386378
1020241
3769019
6021094
5275500
1095834
1079838
26286113
1438461
4920062
21979064
3698398
25283615
26262056
5260232
26580125
26644958
26695270
3607117
1024810
26632580
5299847
3673672
21734703
6802371
2280575
4820214
1069660
1082694
25811764
10537645
7067934
1040351
1902628
26341426
5408843
24750097
3830729
25726145
26608213
4038021
5336240
3560136
6815827
25816576
25910860
20283087
25844486
10488583
2130184
4137276
1287823
1065239
24522678
2376570
11506941
4160472
24319356
7063932
1785502
6829323
4906101
2070012
20258503
26044249
1850861
25880420
1962409
26329643
1478525
3658090
1064682
1035165
6510522
25822231
20374768
1372067
25985414
2002333
25748016
2136133
25900884
1465067
26420915
26258165
10548980
1322852
25917842
26594072
5940434
20392561
26603166
1068907
3924138
4252006
26666477
26435489
24851265
2265843
26108431
3826575
24718653
11614288
24859803
21329337
3255922
1079739
6845414
1060931
6759253
19973695
11589942
26446492
25699117
25901715
1012956
2055803
1469333
3665961
10593881
24863307
26411099
6126817
1884249
25810830
3174527
26340272
20509853
1223575
20431778
25843172
26419902
20386247
4236926
3223552
1937939
1559380
6128129
1070685
26346927
1441803
4867036
4817396
10566257
3332661
10758627
3805407
6808159
2044295
26289651
2073035
5326888
1438914
25847337
25733182
3410812
25900807
3886810
25748014
24748570
3779927
6785994
25663104
25918915
1128376
7175411
1312333
3191866
6853383
2011778
3090793
1083161
3182981
1042580
25662404
6017133
21617698
1754676
1763434
25815384
20424613
19956264
3771879
25934263
25808342
20003449
25743459
1432641
6087863
4256223
2258803
3424969
1470742
21357364
4908871
1060723
25815197
1096103
25716134
3306209
5397044
25981525
26264528
1752687
2261636
4887595
26206381
10781312
20256471
20645163
1958183
26372715
5275380
10945439
11443072
4165802
3411698
26661292
23196321
24745650
1082201
1817681
1968295
4583113
6871026
1288895
1027343
26298016
6808845
4742972
4137178
1785508
10544613
24716155
25725062
1082417
25774832
6805143
7064584
3451827
1785512
24869869
7052624
25764987
1659466
3213448
6798709
25718095
1047608
1439426
20258528
5364336
3560233
1077933
1659434
2333837
20470158
4582325
11505942
26352495
1006970
25773527
26327545
24395468
2969749
5395169
25919339
2157181
4836688
10539528
4833871
11445372
1093295
1050407
3171313
24756992
24860324
26592210
24843854
5353256
3110789
1052959
24858360
1288902
25986157
24754564
6017131
25722558
26268580
1705588
21427943
1898718
6967496
5264468
25765963
4714008
3316185
3316179
25841382
20383607
3320931
25953842
25734499
4894992
3113567
26650062
25731520
1361263
25836448
2346977
25806943
2125884
6972970
6808160
1865723
1035061
1471703
24697841
1427988
20492902
24697395
25757322
1958211
1033347
2030054
24732948
10574746
1433337
24264880
1441869
24732946
2339831
26586436
2261379
25741245
3918036
26247176
1059168
10604105
11529491
25892731
4208772
1044381
25860333
24715770
4848403
3038895
5501097
2085605
25953902
1397976
5245627
1486846
26253713
6889524
5255695
