1775691
24749465
3406401
2340100
10549934
10512506
5990251
25858068
3266968
3158482
1803022
1963912
4836697
25867744
2277299
24863163
6052834
3834938
1761759
1409704
6526752
26377479
1005193
20475794
2076623
10546850
25819842
1045716
5332713
4898627
2376506
6946710
3413836
1485625
4062809
2066374
3034480
1105890
3005076
1986335
20480823
26323530
3622904
21370558
26392337
24758481
3910883
2122992
3224456
26345929
1788302
5263454
1319893
6807767
3681639
25977138
5386360
3874168
6510070
2372450
5332932
1077129
1829799
1812011
2381093
1030054
6510519
3875610
4893616
19967339
25693190
26315455
4053315
3035600
3772058
4812799
5906677
25815819
25792009
1132110
4293302
6713131
25805198
6773583
3218534
3424266
4726852
1763860
6438010
3016247
4312357
5290370
26296901
3628063
24721654
4150038
21214091
23037911
11528305
2145946
4827904
3042785
3654465
6098128
19955069
23746652
5248376
1335318
3425151
4165838
6718250
10344040
4202352
3035606
2054246
26363229
24708172
20394988
6759677
6878387
1351050
6125682
1331963
2082251
6852021
1840859
11509401
10791825
5450660
2070807
1050743
4874162
1418383
4833802
1902628
6966843
1051931
2125593
2250289
4835563
3327830
5362056
6729589
2347737
6011081
3784639
3123393
19963287
1859649
4199618
1085245
3424068
3004272
1473288
1450606
1292413
26369365
3552733
4826395
7001419
5339693
3696966
25893196
11517171
4123046
26362196
3712854
26372364
1006005
24531896
3277343
2149682
5907290
5347700
20475763
1258513
3137185
21324451
25853217
26686645
25746680
6062348
4246991
20442237
3800022
25844144
4151190
10801462
22166524
4210847
4932095
2241168
10762737
2117988
6072799
2256361
21363319
3671442
1721184
10560210
1945160
3673637
3236762
2046190
21330690
4236607
10747362
1981608
3010287
2157629
2241169
4710580
2281420
2568268
6868959
3823020
1482625
1336339
26426810
4932918
10944735
1799933
24396665
2088773
2306659
10557754
10560279
23780225
3012903
10755668
4188435
4713685
25772285
3145111
4258808
2241170
26670431
4215935
4892883
21966337
3115378
2066445
1958486
1491082
6808962
1039300
1160733
6810299
24859580
3066678
1440054
1072989
2240928
4713688
19949017
11522757
4011299
21329705
1366878
3691428
4133007
1483573
1315211
26574996
4864406
6858459
2209675
1256284
11629355
2371271
1433002
3894081
6010792
1556615
25747198
10747361
4188027
4905966
5325861
5254105
7062464
1444813
25746237
2327357
25741377
23008776
1495244
1091751
25769406
4126251
11601992
3719427
1423583
3910220
1784677
4045849
4881692
4867036
1057794
5028585
5255702
10539120
1478831
1353012
21249031
6894147
6507059
6001611
25798953
3797804
4056324
1754852
10443011
7154813
10345559
3513006
6427971
4830829
4767833
1438307
25758333
10759777
4909716
1119473
3643702
3759803
2241263
4159343
4715266
1791175
6557779
24696851
3994012
20509730
25714390
4177459
4747122
3105408
4911319
1360193
2125589
3172450
10436113
6714584
10480843
3023149
6006409
6902720
6438009
6800946
4162005
4884858
1388288
11507035
1855097
3642050
25771551
6794015
20493038
2066232
25783890
3598047
10764917
11527197
20390893
6886394
15994287
3005066
20496057
1367005
25753429
2346880
1722020
2003441
6506882
1915094
26281301
6808038
25799956
24848638
24857764
19963296
1881776
10545691
5288625
5905901
10494256
1341738
6869786
6772445
4742960
6753671
1072239
21266953
25827479
1769975
3944885
21329286
4062735
6002550
25695309
6998712
5364104
1938230
1082506
1388375
3221766
3276880
1345276
4932903
2241291
1397406
1256282
6507601
3809822
6839057
1987995
1468201
3753941
10557518
1439458
25662148
10514957
1331654
5363118
1419838
10502466
6557329
4132844
1422191
24845147
3238342
4834600
3404608
1418385
3115132
3449836
1332029
2363639
3041474
1418371
3228781
3813384
24371384
3434994
6959673
11516429
26201934
4812801
1436700
1441533
26605714
4872667
24749389
3103140
6101341
23774662
4926521
2271287
20385695
2215053
7057593
1057879
6990050
4164215
6969134
5404240
3700358
6977907
1282131
24533105
19989305
1489218
21966338
5257922
5994832
2072469
24744996
20271921
4941751
3091645
10452429
1245515
24888041
4233106
2278308
3354041
5301258
2284458
26585473
4254672
3070498
4030358
4723785
3361052
1003972
4817590
1835305
3358570
3582354
1913947
3325335
3928558
3005084
10796071
4513995
1418377
4838579
6018571
2173025
