10554308
3259440
26340138
26414020
1084336
10594787
1008145
1007305
26451351
4117922
25747921
10763902
3211779
26591906
25924253
26692621
26580084
1046265
26680113
1017143
26647727
1057244
3026879
4920007
5952488
26356948
1068920
26374532
1088581
1082334
1400705
11589032
26662515
23008971
24754316
25708359
1089243
1090043
1083428
2159042
2154960
3071717
26584559
1008988
6880158
1085860
4881639
1141406
26652086
10560798
24736899
1003000
26286208
4010969
4742918
1086249
1489555
26672590
3426869
10757940
26609809
2046807
26686951
1255625
1082406
26695285
1361264
1855364
1060068
1465324
1437973
3673651
26284304
10512236
26671435
1789837
25882276
25912734
26671076
25891771
3879301
1082349
25858680
1119522
1322455
26628022
1444900
2244146
10738023
26577690
4885241
26331014
3043562
21360827
3102324
1316648
1461903
26700526
26384985
26680733
1014278
1257365
1080370
25829434
1255624
3803820
1963684
1013380
21460732
3017857
19962936
1069848
1002299
5916880
26676261
4313207
1401841
10807374
26591905
26437079
1024197
26276279
3169746
2132291
2042538
24541883
1039752
25924242
10740021
5958726
4262685
5502995
1016300
1008074
4011440
1789841
1069059
26664122
1223845
2253380
3765331
4231381
2022979
26689720
1088711
19936010
4166819
25963518
1007433
26301984
3598313
24745649
4928387
6732193
3642673
6885341
26614208
1391191
1005521
3616310
2070844
26334227
1007772
4154988
3191044
1400707
1015452
6832303
3987362
1874961
1066462
1020459
3012517
4871447
25759355
26333998
26584371
2209098
2056749
1419214
3018339
4874131
1079252
3273876
26365847
26653757
26431215
26289739
1318126
5356342
3537590
26335687
5921802
1467368
4714734
1059406
1124305
3010133
26146992
1010472
25720041
1860750
26602109
3136255
6558707
17605380
26436743
6719658
26357479
1050465
3191322
1529893
6714015
6782521
26413330
3662001
20270670
25767862
19950612
4047637
26358169
25929667
2174013
5327690
6052834
10587562
2331434
5980360
26695296
4778447
21242062
3194071
1791664
5686369
6857344
6890671
26417674
26696762
23795254
3908240
26611551
11501640
2062599
25934616
2158194
5991872
1033997
25696089
19964304
26671299
4224758
3191328
3391246
1130367
2062200
11524204
6711405
26183848
24736900
1433377
1085021
20501270
25769962
1083477
6773643
26320556
25890145
25775069
26599743
2337600
1044547
25786283
10432334
10757938
6041708
4175473
4105444
1051193
1985223
26449387
26347982
1316606
1919201
1049189
3865832
3506871
1894742
21321839
1752755
3606570
1125186
25735699
10757939
11527101
26347981
7154675
26666471
1858583
4818929
1856285
3532347
3268399
25802595
20428088
1812439
26278402
26614247
6864307
6795849
3640067
26293455
2253379
26628226
11516338
24671183
25716611
4246979
3673668
10583075
25851002
2061644
1261153
1422833
4038164
10468852
1089518
1885224
6897140
4887524
26384746
3024282
26255776
1793132
1073708
4621099
4143051
3010130
26403896
1880829
4149805
26362908
1760548
6562136
3432953
1045352
