1054685
1089243
3071717
1767945
1082406
3025618
1418686
1883991
3901880
1763806
26577691
1014578
1082150
1082407
1066165
1132956
1883992
1418180
3518332
1776683
1815640
1082578
6902321
1085883
1763809
1822862
2131426
3264642
19986372
1082577
1084794
1812895
19986371
3264665
1870313
6902318
2093212
6312377
1822857
6886415
2015357
3189892
4902836
23780833
1787562
1777932
3264644
1096790
1479194
1807769
10435426
24708200
26361686
1482200
1822859
10199132
20435468
3176760
1950146
6902319
1069685
10443515
2339264
2018527
7047231
10435425
1477437
4039236
1036297
4744973
3176755
3016270
20451928
2016626
2986026
6902317
24840593
3258797
1764991
24716171
24708198
3071688
1822866
1767310
24716172
1326461
10426425
4894345
24716176
1987262
1983487
10426427
19986376
10199131
3518334
1707741
19986373
26260603
1273895
10546136
3518333
3852838
4894342
1436716
6902320
10344218
3264655
4016689
4039234
7154690
1082193
25801129
1026916
1133747
6902322
1807349
1438536
26280552
4747877
25941556
3781451
1876514
10443510
2364742
24708196
24716174
3258802
4039903
3781445
1436713
19899783
10426426
1004168
24860364
4023216
2977534
4039233
25863887
4039230
3757981
24708197
25757947
23780838
26107482
19986375
1782318
4039231
4039235
10582048
1280543
3259619
1325970
1202550
1438928
2977533
3518335
3757982
25834536
3016574
11443354
25871633
25961898
10443517
3518331
1883989
1209975
4902835
26344838
1883993
26107475
26107481
4035904
1444526
10443513
3036297
24716173
1419037
26107477
1883990
1459389
25969403
26260619
23780822
3201977
1753077
26235167
4039232
3852839
3176759
1439543
1031000
26107476
26260292
2078367
3075001
24716175
26107478
25785647
10443516
4066532
1404429
1055351
20435477
20419245
26351750
24708192
1061751
25865060
2158545
1221392
26107480
1030849
20453392
1505556
3852841
3781189
1440318
19986374
3852840
1442455
26707363
26707367
26707370
26707365
26707364
26707368
10443514
25984246
21214090
1018692
1078937
3825733
3781438
20275820
26284921
3844433
26337734
25933791
1546987
25901212
20458383
3536512
1046705
26148092
26107483
1752258
2226949
2037260
25933793
3895286
2325881
1755662
25746140
25802298
3086247
5247882
1023899
3086278
3086277
3587290
1084381
1202698
5974235
1961602
3129424
10601570
4180173
