5346110
5243775
26699409
26590267
1033778
26314063
26163553
3000997
25844463
1220853
1058131
25926542
26290085
1095634
24092345
10799082
4953707
26713448
21966353
3291111
1021346
1958714
4012143
3576486
5382213
1087737
10733032
5297291
3891900
3025921
5939751
5921213
5402682
6828176
1089991
26237302
26650151
10773362
1046164
4249967
10485011
26637801
6974582
2051332
20389192
10510736
1004118
3043970
26032227
4086725
1013378
26374984
10441759
2189613
25901160
6519055
4137173
1182173
5997269
1007459
6428387
2048893
4894568
10765392
26698020
2335844
2015368
1224624
5314887
4208757
6557288
2382899
1429642
1131736
10617312
2339892
3000660
25977138
1085935
2341113
4244804
6556332
1910216
4010197
1923472
4906492
3164123
3558787
1728725
4100680
10568233
25831015
10826987
6721438
3027464
24700125
1429901
6736909
5353235
4827219
1042567
6709783
1962687
5976544
3265599
5917261
3932811
4772958
4225644
24325274
26335181
19952930
7015950
3291970
1157539
26358478
10593804
5271687
1692957
4737015
1949744
25829645
1949390
1141543
24696672
7051700
3233988
4816212
1467393
10945606
3845101
3184668
4191818
21331443
25779081
23774479
25782902
1021977
3605924
3797051
5311625
4772962
1017213
4772963
1069660
2031890
10550974
3107581
3027457
5408886
24880341
25975503
4904709
1961160
2977509
10862869
1161117
25816940
26061406
1511636
1028620
1088630
10765018
2045899
1160483
3776682
25885180
26695863
6971390
1420638
2004704
2368126
10555456
3060535
3925917
1031634
21324988
4754742
24708136
4758384
1139730
25777447
6438293
26634824
1082512
3292060
24758489
1028842
6854525
1776987
3248513
2081876
5028568
1197933
1837823
1045597
25716238
2363744
10535830
5998772
3351179
6395844
25902226
11509654
26362997
26659659
1951858
3235606
24153567
1456129
3994868
10606457
10734905
5281775
26415028
21966354
2344068
25947310
4139970
2055164
25956628
3007108
20272113
3300884
1029513
4875704
5336007
1891639
26658607
26427108
6839456
11502344
6428360
2171619
6998907
1018101
26435591
4062213
7060413
26361453
4011299
4137490
1488504
11516567
21241223
4258653
23760469
1082923
4831458
5411111
1059234
26296578
25717107
5912230
20504695
1972412
1082262
4203984
1263338
26425918
7154812
1088307
26022678
1443196
2983683
5029372
3393534
24541955
6850915
25733327
26362417
6861158
5914480
4729468
3265723
1253945
2111085
3725211
1006415
24523169
1461145
3195672
3591151
25872134
3513006
25890247
25724107
2678794
2280169
1780208
1490089
3328723
4724794
4119096
2201570
6434270
6732077
10528799
4244859
24872787
1073106
11520648
1083161
2147557
10354671
25929431
1012107
25927672
4891851
25823036
26435820
1041539
24852525
5921785
24700126
2005726
6712293
1440172
3427304
1084669
25812452
3182165
6743298
2991567
25849534
4913265
24838618
1137246
10593148
4888391
26315800
1425600
1003598
26327897
25662386
26695045
1048539
4188908
10439662
4060807
26393909
24834617
3725829
26361652
24381413
21332136
3349509
25843334
2568149
1435909
4012148
2057948
6967535
25812365
26329401
1022147
10480740
11519248
4748753
25893995
3413365
1047898
10434181
24700123
6901684
4894684
24863153
1832492
24750334
1022739
24877519
1511148
6742758
1787197
1873802
25885281
4012040
5356055
3813384
3695838
3813177
25767203
24745494
26395047
10533992
11632329
6517366
1085687
4827216
26374572
2327837
11525290
26415468
1831286
6522164
25751995
24385064
4882545
4238941
25742411
7054652
2381849
1057378
26022186
4904712
25912159
3032198
26278216
25843241
3143090
5387397
1018037
1769189
1488929
4873375
3110789
1166000
1365035
3729173
2005378
3265235
11588681
3151607
19977078
5353234
1071320
1453541
10740403
1776200
26318326
25850045
26410894
1100653
1146003
6097266
2131777
1281186
6720539
1085646
24298920
1100657
25875806
1922725
25749745
4832106
5388653
1207859
3129355
1867373
1439848
3631947
23011117
3550600
25928908
1963544
26272155
24698948
25816935
10741914
20473494
3820244
3837299
4217139
1965143
1008424
26667929
21964791
6435990
26349459
5299847
26396020
2996034
4146584
24756568
1144530
3370214
20419190
1149697
2272174
26393812
5412790
10433788
6049012
2139493
6403593
1081939
2212007
1024450
1968264
4087694
1124536
2841807
3248694
2180696
1415319
3767611
1183761
10595870
3248522
20036150
1449808
5323574
4069561
3364286
20366369
11633372
1062393
4001189
4268081
3315951
