26382433
26340138
4913064
26414020
26685539
6710437
10517238
1032501
26665498
26278687
24934182
25747921
26291984
1023045
3995526
1082154
1200840
25809269
26692621
4238362
25984204
3026879
26693234
26672581
1061118
26575812
3533221
26648238
26363926
11614503
26300508
26672748
26680437
26387640
10747883
26646456
5913475
3369600
1088581
1253310
26693418
26676298
26272073
26656779
3261600
23008971
24749465
20507206
26681333
1029791
26681994
26699409
1865089
25717097
26390229
11622283
4207781
3318174
6388661
26701308
26371105
2340100
26672590
1084165
26413835
6425061
3899039
26686006
2250587
5910656
4180711
3014576
26672723
20431965
26695285
4760224
26376603
26426917
1361264
3633461
1855364
26598945
26171593
1060068
26640061
5317075
4105446
1692648
4187411
26584387
26688146
20507212
26599283
26253714
26359758
4230237
26667817
26728018
26682087
20470917
6397275
25778837
26349261
26371292
26606389
1444900
26679036
10522856
26689753
21360827
25697520
26590171
3000997
26337198
26325928
21617765
26700526
26384985
4884218
25982254
10569619
25917140
25895442
26578484
3465080
26671358
3826899
26580165
3673771
26648290
1012401
26425651
26676261
25753361
4313207
24380577
1874488
25747217
3522695
26416401
26628313
4146756
1095634
26358994
25858916
25858068
26596713
25907227
25731506
26315717
23044177
25775445
1223845
26673941
1056461
1949679
25900802
26702537
26689720
2240482
1227844
26713448
4714015
5410174
3598313
26548374
4313080
24745649
1013225
26575679
11608712
26644827
2080764
26615680
25818124
26281730
25858712
26674136
26614208
1924318
4934733
4773224
26538428
10607710
1033248
26235729
26367364
4238144
6079823
3576486
20425053
4606471
7067916
4605558
26695289
11588848
4881850
25913413
25957554
1135734
4882023
24736458
25843908
26318808
3523041
3018339
4874131
26423783
1359005
1079252
25870384
3273876
1346815
10565151
6313461
4127527
26636282
5356342
26411600
26319346
26656018
26664622
26576308
26660670
25732461
26146992
25799716
4177120
26586771
10519369
26602109
26704231
6558707
21346008
6746290
25898124
24307336
26668822
26576605
6879215
20270670
4818177
26409799
26388428
25793667
1626707
25921293
5402682
26422097
4292120
24863163
6052834
5327697
26368595
25913058
10587562
1916819
3908032
4212607
26695296
26357269
26434719
26258977
1073349
25811761
25933841
1995655
6890671
24736805
1024846
25945487
3682204
1007196
26367995
20441957
25870629
26377479
25934616
5991872
26676208
25808222
1092168
4872222
1485597
4912688
25777982
1006884
2008284
26235467
20278799
1492634
25935075
26650151
25903198
26613060
26183848
24845284
25908552
3265177
25735727
26382433
26340138
4913064
26414020
26685539
6710437
10517238
1032501
26665498
26278687
24934182
25747921
26291984
1023045
3995526
26382433
26340138
4913064
26414020
26685539
6710437
10517238
1032501
26665498
26278687
24934182
25747921
26291984
1023045
3995526
26382433
26340138
4913064
26414020
26685539
6710437
10517238
1032501
26665498
26278687
24934182
25747921
26291984
1023045
3995526
26382433
26340138
4913064
26414020
26685539
6710437
10517238
1032501
26665498
26278687
24934182
25747921
26291984
1023045
3995526
26382433
26340138
4913064
26414020
26685539
6710437
10517238
1032501
26665498
26278687
24934182
25747921
26291984
1023045
3995526
26382433
26340138
4913064
26414020
26685539
6710437
10517238
1032501
26665498
26278687
24934182
25747921
26291984
1023045
3995526
26382433
26340138
4913064
26414020
26685539
6710437
10517238
1032501
26665498
26278687
24934182
25747921
26291984
1023045
3995526
26382433
26340138
4913064
26414020
26685539
6710437
10517238
1032501
26665498
26278687
24934182
25747921
26291984
1023045
3995526
26382433
26340138
4913064
26414020
26685539
6710437
10517238
1032501
26665498
26278687
24934182
25747921
26291984
1023045
3995526
26382433
26340138
4913064
26414020
26685539
6710437
10517238
1032501
26665498
26278687
24934182
25747921
26291984
1023045
3995526
25845203
24754720
26250094
26646733
5350303
26421209
20421947
20424614
26293675
26657452
25961294
25852441
11620497
25833051
26659834
26578184
5411583
2118743
24839553
25774772
20470913
1892409
5344908
2143304
26641865
1927902
25768216
20389195
6519055
25939157
25911928
1972266
2310418
11589951
6847760
20480823
24838958
26337959
25836825
25912887
25869264
25761310
2082194
3622904
26287355
26374862
10604943
25958461
7056912
5264779
7059909
26318312
26298561
11614293
3131048
2230208
26663659
3673671
26546692
4894568
