3323633
5914587
5394309
6523997
4606471
1288844
1827702
2297549
4723970
25915629
6790599
25928983
3279105
26647363
26102860
2157554
23708491
26642302
6792322
1440223
26313852
4837333
4736118
25808226
19934344
25732463
1365318
26296679
10557282
1316642
4165856
5376384
4837351
3821157
5313010
20471302
6522698
26012244
26729269
10769749
3169342
25786645
24305938
24869617
26424608
1159373
1085646
25932290
4245187
6864391
24753137
1314262
25817190
3886044
1176933
21983611
6414998
6750510
26644275
20497858
25716088
2005474
25744600
4743056
4818690
6024020
1493316
4886100
26142616
10785377
5397784
1466932
4201552
4009856
26594029
25746680
20413922
1894206
25842108
2052176
25954934
3348282
2365393
25817261
26248487
4308069
3171969
10550576
26591499
2144413
1139356
20381558
4076216
26359327
25820714
1392475
26386615
3919668
3670867
4845129
20278578
2020442
1419011
26642327
10465946
5351808
24874069
25908518
24896848
10769591
23820913
26341966
1921729
10516877
6838110
25839089
23008807
2345964
10344023
6710641
26462756
25882647
4926708
26340381
3336895
3313897
4246084
1185932
1082734
5290566
3154020
6585090
25847187
25767572
26318425
1048851
11228565
24698817
25943583
11445674
4827960
23058339
25764505
3260737
25984563
10540744
3263946
10542579
10530232
26322756
25858031
4881989
26035304
6872932
4766571
6114207
1277926
4243771
6439419
25885293
5290524
5431185
1195337
10537875
11526046
6393626
1268619
24325849
4914146
25983558
6507216
25861848
3768581
1444838
3343802
25900924
25963553
3413615
24875583
4233474
20283569
3879806
6958387
10464036
26640058
26452775
25902268
1465328
26128084
25789530
17458557
5271603
1901208
25818712
3817241
3027550
3665205
25831443
26378009
25887461
6398078
24720342
10575920
1229926
2078680
24715619
25866259
26363946
21266843
4926083
4820694
4924293
3359508
3742366
1428942
5416997
10829320
2262838
25972635
10779515
2298856
6390881
25981171
1765779
6404782
6990607
26394924
20275952
26256852
26308720
25882237
3326182
10580362
2079208
20516991
4885215
1229999
1867943
5319798
3421275
3948372
21371288
25747846
4935289
1138771
4909176
4223580
1441403
25865988
6394960
3414987
25866560
6864501
2579849
1805425
6431093
4020885
5434237
10732467
1478928
3118374
4817117
22704159
4037608
2246288
7063317
3081617
1937913
2152772
1455616
24858505
4091981
26095148
6041346
6915786
26346450
1868081
3639503
2980860
26148534
22230799
4727021
10463085
2281055
4903260
1861298
6129537
6798700
25769796
24392863
24868911
3075969
21336456
6340219
6901997
1237849
20022383
25736594
2184961
4287111
26376117
1440903
5386045
1151436
4254166
1085649
3482862
3704618
11599052
11599208
19961110
3084987
3792134
6972719
1920714
6530187
5386062
26291332
10567969
3990626
6435579
5449262
10446392
4016085
25756724
4024068
1997584
6783748
11952559
20473413
4934629
25844639
3052851
25871898
1928289
1878625
5951504
1246807
2115239
1859829
4841570
3302555
3208401
5397097
1219858
3870630
3021037
4741480
21321644
26304403
5171480
25835233
2050858
1737592
2306849
6727454
3436963
10435874
4256118
20423598
3063496
3776720
24845692
25843904
4726062
5283482
3787852
1799711
24523385
1087502
25833190
1159662
4729841
3109564
2084131
5997521
25697491
25812149
11613711
20366360
10607866
25773225
1669595
1021379
3737316
11543181
24303557
1459599
11528906
26345209
1390644
5948757
25719630
6892334
1877883
3578151
5945545
1504286
4166661
1421436
11516409
20172623
3248414
2146224
3113639
1159800
4726971
3525059
26210405
1813824
6892312
6005156
3439298
4894599
1240480
3864460
20172479
21371289
2227788
10530386
6898444
24392980
1793267
4237831
1907341
24294478
3059484
5419851
11233650
1812358
23821119
3327829
1159354
5315575
26646243
2998873
4002787
2970072
5312371
1423423
2854355
1099982
1812384
3433034
10772758
26177417
23008818
10524165
6430169
1360117
6759480
1341639
3865302
19933455
2160962
1162546
20062293
3312495
2155045
3567983
1237890
1845594
1899710
2974299
26313768
20430315
6540189
20282979
4279491
3703181
10570294
6097784
25921821
1875674
3992751
7070608
1800544
3653422
2153618
1465386
1433764
25798656
1442718
1768688
4734566
11608826
2802020
1244186
1237583
1229932
2162253
4783322
1445543
6869368
5954711
4223579
1999185
20491091
3003591
1313472
3879846
3664621
6856923
3419173
3929007
2328347
1737932
4727077
1872483
4069750
