26613052
26698598
25976544
26695223
26307399
6388661
1829226
10607793
26386370
2326403
26314955
26286364
26425832
1115748
1080370
25944034
25924242
4262685
26628827
26706519
25712811
1015767
26476661
20269004
26578400
11623716
25897490
3227478
10739689
3662001
25886172
1995655
6890671
1914636
22519910
26371256
25913083
1926700
26368561
26369908
3266617
4213525
26637112
2275502
1005660
3640067
26677705
6539790
26420844
25729024
3547099
26434974
20516061
2045811
21361157
25891213
4116629
26416533
26439450
4881998
25986624
26685720
11601218
2980471
5332948
26301729
25713815
25827534
3806309
26600656
22506376
10567712
6012933
10511063
26298299
3821057
4732188
5290534
22542435
25931540
25885237
4196774
4202342
3609269
6851810
4882052
25789478
25793459
1422231
6041150
21681263
26288803
25928292
26284858
5905979
26265818
1155722
26667504
1320206
1878708
1035326
4898547
26012244
4097161
6967829
25875972
6820477
1440345
6892422
1948922
1968670
10831736
3166511
26699138
25808956
1279648
25760132
1949068
19935618
26416255
21683667
26680683
2588506
25830948
1320205
25925760
25903505
2116307
1091203
24296282
26644958
26592888
25910698
1211267
11530367
2132838
3999070
10441263
4115076
25758141
1441789
24879730
3662262
11607435
20259527
26663933
25760481
25808932
4177701
4319553
10801135
4722905
26277385
1473115
3667132
1021914
26584946
26607386
25965290
20452670
25709399
3224315
25897451
26422638
10553760
5347801
1433739
1057092
6831032
4213397
26104078
25897402
26133321
25774694
26221429
3263006
26586310
10567711
5321896
21355964
1817037
26285570
10511555
1061534
26206654
26253662
11533561
3259587
26663966
3172128
25731402
1358243
25959167
2142574
11640545
25976030
24753340
4850324
26389472
25894484
5377008
26303058
26133987
25717499
25987241
26333278
26052898
10537662
1290159
1923669
2010619
19899834
6100929
24737859
25919527
25858560
24740790
1069249
20414497
1075743
1059537
1035146
4874132
25827282
25920880
1396340
25908039
26378476
26431296
26284609
10467105
25900308
25723679
24869024
1042149
10834609
24318970
5379138
26703581
4834412
2296690
26662119
4934772
24532904
4861173
2979694
26659958
4087909
26184644
1621181
26389380
2131434
3605216
4903269
1938337
7055279
1963548
26627940
26390072
4208765
26270790
25849703
3574418
21869703
1709754
25906248
25839470
24318971
3653870
3812797
1010866
24840471
3239824
2248578
10607712
1342974
26312482
21319774
1011673
1026278
26285560
5939300
26325341
26596278
1155250
5972003
1016806
25807354
1102497
3894806
1002607
21328036
1141882
26111126
5420992
6129756
26663945
20386243
26382931
25744010
