26704403
26576861
25985021
4913064
6781808
26276775
4820710
20427187
10471333
26658379
26291984
1012611
4242172
26314954
1082154
26354440
1041482
4238362
26275177
1054685
26708306
1795079
1476651
26593670
26418475
26150549
5375620
7060185
1061118
1786387
26666589
1003479
1813841
26598484
26652242
10564071
25762009
2035179
10583099
20507206
25750468
6712255
3057556
26298832
3813669
25902942
1261560
26435040
3239549
26413154
1022238
1003284
5414391
1027191
25912076
20424526
26425892
1269182
1062193
2143904
26292057
1084165
26413835
5299764
25863621
1393447
2328458
4760224
6539859
3151575
1449351
1858410
3633461
26319730
5989373
1315190
1855364
5275059
1321789
26584286
1437973
10569855
1981042
5287474
25782902
1858576
25882276
1018136
11229072
26320417
26728018
26705829
19920715
26581737
20429677
1144185
1077528
1322455
1277981
1212199
1476213
1005492
20463108
25881102
26613724
10569619
3808982
25902448
25822105
24851460
1032063
4071842
1041385
10828002
20366370
1970428
1004322
1456692
10607615
3344676
26274949
6913343
2376486
4113090
1015699
3183775
24540864
4146756
10540815
25845647
4258830
1043815
25907227
25731506
25752592
10434849
26436285
1072438
1054917
4312810
26304087
26570629
4729583
6097966
26673941
26178426
5406559
25900802
1068912
3225979
3674537
3900987
6965746
24745649
2258034
1060774
3432304
26285190
3223711
4929844
6428468
26052898
21966353
1025723
1001885
4882133
1015748
25953571
5408882
1033248
26235729
10539126
1444252
1870268
20425053
26209381
25902222
25639223
5347699
4745949
4229282
2256351
4202004
1036541
3901880
3890174
3688489
3289274
2382433
1426971
19982767
1012307
2101774
26598482
25913619
25902226
3273876
26577691
1424314
25808056
26606365
1056315
3097539
26653460
2328178
1005576
1398395
26431215
1424420
10773358
10472702
4836697
10733032
1082387
3815131
26427244
1534951
6749832
3719342
6772248
3891900
1050929
25947310
6896459
1442720
26592899
2350407
6401128
1010204
1962923
26667196
26576605
26545443
6879215
22806583
2033081
1034329
4131380
4818177
1014825
26712353
25836270
26388428
2380307
26266067
26422097
6892579
4292120
26150390
2046977
1274469
26544961
2076886
26093161
3908032
4169424
25870310
10531723
25811761
1325507
25935941
6085181
1473250
1006560
5379664
21458706
4199363
4872671
25945487
3101021
7916069
1225977
1070711
10439880
26415165
26436067
1005325
25850130
20441957
3833024
6742586
5991872
26220798
25904521
25696089
25871778
25882266
11524204
6711405
6687032
24736900
6902639
25908552
25717418
1053623
26433353
26715901
1422105
26372408
24527462
1867642
19949881
11577232
11636077
25870785
4809777
2259198
26338071
26133770
26384375
25870998
1041616
1082522
4832553
3067169
1433411
1911687
26612253
3062632
1076378
4312829
26388427
26312259
26592869
25717107
1028268
11607261
3711709
2304817
25876611
1116367
3163104
3394338
10601137
1044663
1400195
1070007
5401989
1054760
6391212
6534897
3431988
3283983
1787729
26679927
26286741
25741244
1050566
20453024
2183559
7007666
24748615
25908550
21325858
25971624
4241023
2158889
26215044
1277259
26591902
19976381
25708714
25894861
3224929
25758414
1247769
1262986
25719513
1027247
26382879
25917467
4745950
3206270
25778829
1762869
1326833
1274953
5383916
1089142
2568067
3333989
1883992
1013369
1315213
25790421
6858527
6558202
1485628
3222065
26349048
26588107
6110110
21370840
5252677
1456524
1070147
5269192
1607478
26354330
1657455
26593037
25733170
4246968
1224279
10736800
25833450
25846075
1010349
1470622
2363651
26636503
3260366
25867785
11626951
1437687
26291216
4243276
26712178
1905742
1150503
3134517
25798623
1776683
25986746
25745691
3401286
1048930
4846032
6878212
20395476
3239913
20257843
3091368
1931769
1069724
5350303
25733957
1876966
10488619
25927672
10594802
1277275
2988944
4046736
2118743
1065977
10563202
3339862
5344908
1927902
4908879
20480678
24316409
2274697
25939157
3521728
1828090
20258504
1777823
11589951
1051097
5350804
1002582
26426862
6980818
24325270
25869264
3669408
26577466
25863979
1491239
5437032
1775264
5906321
24847834
25728092
25849758
25924311
2995621
1417905
25953932
1016272
3595095
3860856
26315820
25794334
5416915
2222424
10799984
25848953
4872919
20266235
10435653
24838618
1918353
3391717
26315800
26656350
19898714
1062423
4312825
6148187
25815271
10770743
25900384
21325515
4199761
25801298
3662230
1866517
