26704403
26576861
25985021
20427187
10471333
26658379
26291984
1012611
4242172
26314954
26354440
26708306
1795079
1476651
26593670
26418475
26150549
5375620
3026879
5952488
7060185
25986341
26363926
26692468
1786387
26666589
1003479
1813841
26598484
6511362
11445548
26652242
20507206
6811366
25750468
6712255
3057556
26298832
3813669
25902942
1261560
26435040
1022238
26680436
5414391
1027191
26425892
1269182
1062193
1292405
2143904
26292057
25863621
1393447
2328458
6539859
1193621
25777432
26319730
5989373
1315190
1321789
1437973
5287474
25782902
1063540
26617142
26591565
26320417
26705829
26392829
19920715
26412776
26581737
20429677
1144185
1077528
6952036
1277981
1675478
1005492
26593192
20463108
1468426
25763679
25881102
3808982
25902448
25822105
25978763
24851460
1032063
4071842
1041385
10828002
20366370
1970428
1004322
10607615
3344676
26422517
6913343
2376486
4113090
25968115
25782520
4146756
25884890
10540815
1201821
25858068
25845647
4258830
20473412
25752592
4312810
26380736
26178426
25900802
1068912
25811516
10740958
3900987
6965746
2258034
1060774
3432304
26285190
2080764
3223711
4929844
6428468
26052898
21966353
26612460
1025723
6854525
1015748
25953571
5408882
26235729
10539126
1444252
1870268
2302217
20376550
4745949
4229282
2256351
4202004
1036541
3688489
2382433
26609148
1012307
2101774
2025235
25913619
3273876
26577691
26606365
1056315
3097539
2328178
1005576
26707594
10472702
6557925
26612656
1534951
3697494
3719342
6397522
6772248
1050929
26707804
25947310
26592899
2350407
6401128
5922204
26647114
26388011
22806583
2033081
4131380
4818177
1014825
25836270
26388428
26266067
1626392
26422097
6892579
4292120
26150390
1274469
26544961
2076886
26093161
3908032
25870310
1325507
25935941
6085181
1473250
1006560
26574388
5379664
21458706
4199363
2363834
3101021
7916069
1070711
26415165
26436067
1005325
25850130
26354200
26369891
3833024
1457778
25871778
25882266
26644832
6687032
25908552
26361453
1053623
1201620
24878420
26288194
1422105
24527462
1867642
19949881
11577232
11636077
2259198
26575141
26338071
20503529
4832553
1433411
1911687
3062632
1076378
4312829
26388427
26312259
26433665
25717107
26591910
1028268
11607261
3711709
2304817
25876611
1116367
3163104
1139360
1400195
1070007
5401989
1054760
6391212
3431988
3283983
6429781
1787729
26286741
26651780
25804890
26308917
2005481
2183559
7007666
26683268
25900305
24748615
25908550
21325858
25971624
5988185
4241023
2158889
1277259
26652812
26591902
19976381
25708714
11601993
1247769
1027247
4745950
3206270
25778829
1762869
1326833
25876757
26680306
1089142
2568067
3883991
25786160
26577765
1883992
26420844
1013369
1315213
25790421
6858527
26363721
26681350
3222065
26337889
6110110
21370840
1070147
5269192
25909003
26354330
1657455
4086725
25733170
3277599
10544307
21570668
1224279
25833450
26636503
3260366
25867785
25873062
1437687
4243276
1905742
1150503
3134517
1095849
25986746
26599019
25745691
3401286
1048930
1025001
4846032
6878212
20395476
1018360
1159967
25733957
1064734
1876966
10488619
10594802
1277275
26659834
2988944
4046736
2118743
26416956
1065977
10563202
3339862
1588297
20480678
24316409
26586326
2274697
19975555
26647781
3521728
20258504
3662234
1051097
5350804
1002582
24325270
3669408
26577466
25863979
1491239
3171735
1775264
25924608
5906321
24847834
25849758
25924311
2995621
25953932
25717380
26411141
1016272
26150493
25794334
2222424
1477442
10799984
1123740
25848953
4872919
20266235
25999982
2974879
24838618
26315800
26656350
4312825
25815271
26609147
6851587
26303797
5366275
20273773
21325515
4199761
20477116
25801298
1866517
25928984
6310946
1087547
26609146
6781486
3035593
20492816
7058387
4915989
1027030
6157548
3689168
2338638
20366368
1051363
4742971
25900948
6885949
26388475
5361804
25730239
25944294
1196945
25725855
25977138
21432137
3349509
26260335
25936236
2344105
26366705
1784676
1033273
6436972
2280161
26593674
25163000
6828100
6977757
7060184
4111974
1083054
21617690
26299530
26535520
4891219
1038279
26647780
3189451
1212800
3580750
1809150
4275052
1310228
21329758
1062309
20395644
