1115600
1159821
5952531
1786120
3676140
1138922
2046630
25974789
2584657
6346890
26388161
6951001
4816562
5274958
2073245
4004907
1894881
2039947
2309050
3987476
2068931
1550130
1241221
4200830
2254879
2281637
3777673
1220922
2059057
21797398
1037298
4580000
2848660
1246906
25711852
4375143
3890040
1280653
1822059
1872576
4142989
26422676
2587711
1456010
1277518
2876200
1484634
4146246
1968314
1676259
1681499
1509595
1200307
1126080
2283765
1708319
1246752
1100720
1945383
1513573
3353518
3422617
3626964
1214549
1227331
10342249
3712109
5287018
1241128
4250559
1128289
1237509
2284034
5288824
1124900
5913452
3172621
1086267
1121288
4793046
3689605
2309035
3035802
3907641
2038604
1209378
1494521
1435385
3101322
2223777
1154379
1638904
1516461
1591165
1591072
1841044
4288595
1177196
