25985021
26314627
26593084
1291204
26364209
1034282
25986341
3930318
26692468
1467022
11445548
26287453
26341546
20507206
25902942
1102715
1320282
1292405
2143904
10750155
1225983
5989373
26675995
26320244
26688146
1097397
6434486
6952036
26413155
1037602
1400030
26337663
25876750
2124114
10439064
22993873
10607615
4822685
1120886
26594366
4312810
26380736
25752043
26412113
1084257
6965746
25923082
26163454
26652354
1070820
20376550
25902222
24846072
1024570
10455982
26423783
1221479
6855803
1317485
1034279
1000121
3117464
5352345
26598926
1045119
20494401
7647487
4177120
6749832
26184242
1322336
1322358
2350407
10522003
1138353
25793667
1626392
1944205
10531723
5248516
1024846
11541213
1484425
24736494
1437852
3071402
25742211
6862061
26352270
3228668
1054760
4864832
26353666
26308917
10532684
26278402
6873632
26628226
5446490
1030898
1003692
26259174
25829287
24884999
1000445
