2567698
26586492
26295448
3066477
5363767
26662689
26362836
25829693
5375620
3930318
6518605
26303224
25752955
1336330
26264967
1291809
26280924
1321789
26295450
1192090
26675529
26675995
26320244
26617142
7065521
2052049
26413155
1258490
1394364
1442869
25891911
22993873
25826936
25941890
25782520
20470849
10488563
26210607
6097966
1872158
24107596
26412113
25934300
6885341
6265745
3191044
10604915
26534892
1085470
24768136
24846072
2056749
1424314
6855803
3117464
26673252
24538715
7647487
1082387
26612656
2340609
3266609
1187842
3816883
4753783
6964050
26652880
24715686
3090810
1464203
22606919
10767124
20279665
4202422
1140727
1434071
26210632
1146267
1986291
7065529
6719724
3327495
26352270
25808977
3268399
26708495
10532684
25941905
26046043
5394380
25709685
1399992
5446490
6744648
11525217
7007241
1939182
24715669
3115476
26362908
10763170
1481311
10488620
26638272
1418999
26411942
1855231
6964047
10537633
25907864
11528306
3636385
11528307
24882304
25798623
3210843
1258491
26590999
11511204
20278398
26615439
1865765
26411941
2143016
25880067
26320237
25863256
25941891
1906155
26591907
10608453
26427703
24882289
1258489
11511232
3041463
3816895
26394800
1225706
11528308
26435482
26389895
4872919
25799687
26314386
26392016
12404751
4834737
5038509
6902164
1772786
20390695
26369208
24935042
1440243
1030789
25892730
19938026
26111149
1195590
6890451
24944340
25752979
3198422
25805143
10608315
5938333
25875270
1140729
2042631
26364303
1067603
4164096
21771587
1801813
3191247
24283160
25886175
10555491
25941893
10591694
25900696
1774770
4219125
25736982
25902241
24531360
20390696
25737822
26283162
1321790
24153098
3747044
25816893
2981589
25893267
26274009
3345595
3774646
24531334
25900689
1271212
26427705
1182890
25841131
1387256
11628196
26309770
1016827
6779980
1275608
25839522
3290026
1477396
2221889
3571732
1275907
20462932
4903437
1470235
11597373
21690283
26699138
1002966
3734300
24853106
26680281
19935618
25977519
4746110
26614057
1441072
24869459
25746683
25895608
1408254
2069906
24843834
1140726
6009029
26430284
1310188
5417807
6265961
25853088
1872739
5906052
3056877
11498195
25880072
25880068
19976976
25880088
25978738
25815081
25891258
4326055
4725541
26280061
1161852
20273121
10464645
25722933
26596367
25957816
25838428
1292322
2340610
26386297
1198312
2298769
3931106
2064688
25977518
26688708
26639957
3266663
1507437
25898192
26602859
25798867
1146176
11632564
1939331
3214644
25832600
26214114
10741325
10529543
26579776
2215160
4737478
3090801
25897402
20470853
3560136
1310155
1316584
26328513
24523678
1088028
26420540
20504484
4202417
1467239
1258487
1810352
25908911
1440442
1436657
1441326
4191696
26389897
26657597
26423329
26253662
26372813
22542737
26613044
25781009
19936525
19894099
3191257
10578495
1204488
24840349
25831464
22542730
25902452
26649737
10570094
1005207
10570091
22542725
1421975
1442678
1102403
3210683
6791414
6876115
3431718
26390941
2214337
4887589
1424756
