2567698
26586492
26295448
3066477
5363767
26362836
25829693
6518605
25752955
26264967
26280924
26295450
1192090
26675529
26617142
7065521
2052049
26413155
1258490
1394364
1442869
25891911
25941890
20470849
10488563
26210607
24107596
6265745
10604915
26534892
1085470
24768136
26673252
24538715
2340609
3266609
1187842
3816883
26652880
24715686
22606919
10767124
20279665
4202422
1140727
26210632
1146267
7065529
25808977
3268399
25941905
26046043
1399992
6744648
11525217
7007241
1939182
24715669
10763170
1481311
10488620
26638272
1418999
26701966
11528306
3636385
11528307
1258491
26590999
20278398
1865765
2143016
26320237
25863256
25941891
1906155
10608453
26427703
24882289
1258489
11511232
3041463
3816895
26394800
11528308
26435482
26389895
26392016
12404751
4834737
5038509
1772786
20390695
24935042
1440243
19938026
1195590
24944340
25752979
3198422
25805143
10608315
5938333
25875270
1140729
2042631
26364303
4164096
21771587
3191247
25886175
25941893
10591694
25900696
25736982
24531360
20390696
6913384
25737822
1321790
24153098
3747044
25816893
26274009
3774646
24531334
25900689
1271212
26427705
1182890
25841131
26309770
6779980
1275608
25839522
3290026
3571732
1275907
4903437
11597373
21690283
24853106
25977519
4746110
1441072
24869459
25895608
1408254
24843834
1140726
6009029
25853088
19976976
25978738
4326055
1161852
25722933
26596367
1292322
2340610
1198312
2064688
25977518
25880074
3266663
25898192
25832600
26579776
1023059
2215160
4737478
20470853
1310155
1316584
26328513
1088028
20504484
1258487
1440442
26423329
26372813
22542737
26613044
20395185
19894099
1204488
24840349
25831464
22542730
26649737
10570094
1005207
10570091
22542725
6791414
3431718
26390941
2214337
4887589
2350549
20516305
3601195
26417638
19977751
3322928
3322924
1276032
24757288
26108260
26271843
26437740
6265750
1812215
4937547
25725500
4882167
11605558
26261589
26249763
5336223
3322930
1258488
6518299
24944354
1258485
25923150
24253393
11597324
26648648
26680679
1391510
25917727
6265791
26283241
11597350
1439017
1370113
4832901
5395149
1418437
6714437
1449379
3105462
2064684
26609776
26658900
2049339
4011684
1034090
26615512
26596709
26352270
4245620
2340613
2972992
3244055
2161692
5966315
3262395
25831055
10864154
6129292
11498196
23012689
1437504
25982711
1150862
4027244
1842256
4814392
3284411
1900903
6727381
25871952
1391508
1395228
1962883
10570096
2226288
1085467
26590998
1258486
25940818
1771920
1085533
1754788
6120501
1758746
5395151
4885073
2076847
1675986
11600043
20501664
1917417
1863010
25767894
24699423
1125417
1391509
2340615
1734009
25826336
1291997
26579509
1092264
1140728
26591916
26266465
11597370
11612052
10732280
6151679
2360390
26389399
26579518
1391511
25985405
25900093
25932385
1391513
4912931
4731949
26361747
22994260
25938033
25729093
1102870
26314798
26352268
26599027
25886180
1370078
1421004
3684656
26415800
1933479
2042338
1170539
25815326
1498764
1075245
4720666
1466069
24853110
6885709
4720669
3983118
1123418
1525866
3812309
10482022
4418576
4178272
6541263
1762288
3607224
1980793
1469242
26336023
1875743
2070068
1967817
1377141
6845575
1291996
25789151
25981959
2054916
2363135
26575663
25976333
1395581
4025049
6789608
26317874
24739619
26210606
3448653
25898111
20275739
11593632
2226171
2133270
1441318
26369906
2238100
1157681
2039548
1456315
5391812
1959340
10827448
11640890
4908888
26394903
1130892
5354690
25977531
26261842
1187844
24869458
5299384
1732994
10533884
3021566
4944302
4025048
2128938
26303964
6265772
5385399
10593893
2128936
5355324
25833221
1187843
4114611
3552454
3136230
26303961
2040646
1146266
24853111
3417464
1417484
3805978
1512245
1125282
4946484
1479951
25957889
25819542
3201833
1463588
1101631
2045648
26046347
26271469
1081327
3530171
1878074
3346426
1993294
5939400
20385477
3607222
1903743
11527633
1133486
2080914
25729106
1100766
6744664
3058360
26372879
3197081
1941049
1422237
1918423
1640220
5920825
1082431
1767300
1082294
1506569
2213224
24700313
10546528
1326850
25948809
1395485
1083032
12444402
1462652
1433694
3212654
20382127
23011180
26264752
24737061
1262147
3684655
1982007
1159012
26351528
1665390
1059668
1950076
11519001
3198681
2159556
25908639
1463576
2046308
6127328
3736884
10768061
2146031
4282061
23011149
3527765
1162566
3338897
10750284
1703321
1980670
11607281
2142602
3908305
