26576861
25985021
2567698
26586492
26582558
1032501
3162991
26658379
26698020
26314627
26593084
26275177
1291204
26364209
1476651
25829693
5366248
26150549
5375620
1034282
25986341
3930318
2284311
26692468
1467022
26300508
26308505
1813841
26680437
6709783
25960141
26701099
11445548
26390842
25746578
26287453
26341546
10583099
26320883
20507206
26307399
26712787
6712255
25902942
26679862
1102715
6709809
1320282
26663864
26665230
1292405
2143904
10750155
6425061
26314063
2328458
20431965
1225983
1193621
26584734
5989373
26661067
1071227
26584286
26675995
26320244
26688146
1097397
6434486
26605978
20429677
2060491
25811462
6952036
26413155
1037602
1400030
3000997
26593192
26337663
25763679
24880341
26672408
25902448
25876750
26578484
3143537
2124114
4071842
10439064
22993873
10607615
6913343
26697242
25747217
4822685
26681681
26702493
1120886
26594366
25928708
4312810
26380736
26706730
25752043
3225979
26412113
1084257
6965746
25923082
11608712
24738302
2080764
3223711
26163454
25712811
26652354
1070820
20376550
25902222
26429888
26265303
24846072
26372738
1024570
10455982
26423783
25913619
3273876
1221479
26285299
6855803
1317485
1034279
25963469
1000121
3117464
5352345
10773358
1147347
10733032
1045119
20389202
20494401
7647487
4177120
6749832
26184242
26644808
1322336
1322358
2350407
26647114
22806583
26712353
10522003
1138353
3095037
25793667
5402682
1626392
26150390
26596778
1944205
3908032
10531723
1473250
5248516
1024846
11541213
26611940
26415165
26369891
6754574
25904521
26235467
25871778
26670648
1484425
25908552
11577232
2259198
26654475
24736494
26248157
26393693
1437852
3869949
22513484
4312829
17153313
1038292
3071402
26591910
25742211
26637801
6862061
25870967
26352270
3228668
26373220
1054760
6429781
19950139
26353666
25742296
26308917
2005481
2183559
10532684
