26658379
26593084
26582822
26297606
26275177
6709783
26701099
25902942
26324497
26665230
25752043
6965746
24738302
26534892
25902222
26372738
6855803
26308014
25846075
25724948
25857804
1059824
26008422
25849758
25953932
10588021
26309060
11599407
25881855
25766700
3144300
26393046
26265544
26284865
26022186
1016827
26236449
26655915
1257218
5338024
1257217
25747269
25962840
25932290
25925957
24250054
20365163
25790070
26318103
25906749
26369667
1476618
21326266
25927950
26596019
1810352
26253662
24840349
2419991
4789228
19989296
2124111
25780470
1483021
3246499
24536403
1052973
24739213
24538225
21632268
25912257
26628110
21966324
1322206
26361207
25854872
3802470
4735989
26604896
25800026
1208843
26674744
26340695
25763770
25896087
25975442
26635841
24740308
3744558
21966356
4304206
26656539
25971043
3320906
25924949
26391243
6434426
2872645
17341557
26418544
26342628
26603433
26389399
24661633
4286956
3352663
3156435
3291901
25726665
10557518
6901098
25985860
24749708
25837145
4778063
4158006
26022847
26278454
1356949
4713687
1072147
26340232
4312477
26703541
25784778
26299481
25966295
4123947
26215937
26348921
6971718
2326852
26379556
25821793
25788945
6574069
1330319
24828865
1607686
6510689
25800025
24720342
2298747
1081123
24852528
1790794
1924042
1153482
20480821
1080037
25748991
26575808
5450816
25974789
10486319
5431184
24745622
1437042
4705969
6579765
26383884
25881174
25828490
2249021
1170518
1445586
10573628
21458724
24705776
6886097
26341154
25806284
10834007
25945449
1083761
25738920
20469380
7155908
11621963
24757063
26306584
1329953
25712482
19975498
3395706
2064950
6129537
5351834
24750332
6721224
4759542
26417588
26439033
1487119
25932406
1020226
2273766
24661635
4104705
6905019
1449656
26296135
3309579
20141909
1765523
24830188
2377697
24738857
6080040
1678002
3533513
3054947
1217554
26293336
4847300
1044801
26436091
1885260
2061528
3722960
2036565
1431646
26657938
2453393
1912952
2080599
1172258
11520655
26421292
1015359
2581778
26007326
1468853
1851978
26078975
4262319
2152789
26263873
25749747
25857991
24870493
10768491
4118415
6517439
3538121
1217967
2100975
4582552
3265147
25866413
10345012
1583830
10749372
1556347
2348875
1061741
1218978
1240983
26364044
3103667
1812186
5505050
2974431
1442363
25909315
5433968
25782823
1347608
21332025
2582110
1065007
2003901
1768152
3601767
3867972
1156358
1573969
1144934
1615122
4195538
2033484
1193223
6121205
23134288
20545362
24761950
1547923
4748826
25776693
10433793
6898444
20450384
2875223
1849640
3091149
1017036
23009512
21966367
26277207
2162028
1037802
5998051
1219083
5966858
3220978
3247128
6861830
1046080
5397041
1130639
6953590
22182504
3424450
4941447
26324016
26679852
3561417
6429497
1679603
21979989
26603256
1445522
10464731
6786602
1727576
1327260
11530956
10812258
1005737
6436820
3287194
25710865
1827966
3012964
5280181
26293317
3585811
1020007
24875668
6904788
1491939
1248253
5326064
21348743
1345157
1021682
2007330
1047786
10596965
2851328
26377035
6906445
1327550
1126930
24537521
4065592
1286747
1479257
6053428
24296177
10775276
1027672
1813610
26314045
10569408
1537297
2364664
2328725
6018551
5301481
2344808
2482832
1341238
3444961
25817676
24301495
3125060
25870342
22704167
22157999
4326339
1339025
3687460
7947662
1020618
1659319
3062127
1944051
1117973
6890130
1014190
11526900
3015265
1224715
1957296
1189857
1690342
3093558
5952471
1883453
6734688
3166440
6772324
6063967
20254390
11230446
1624162
1837251
3170482
3691491
1338823
1194500
6430128
1203407
4863949
6038231
1050561
1598579
10468921
2250178
1282855
10563656
2797939
