26264642
1130500
3420221
2377310
10561367
25728189
25837031
25899625
3267945
1313042
3884108
2124377
1159177
2137490
10518092
1787855
3049085
1431996
3628911
2032343
4189498
2030264
1119873
1481173
25747747
25854719
6052205
6433169
2073826
3892178
1230448
1040868
3354137
26201913
1239651
25702414
4924419
1911557
1775608
3576066
1231298
2354769
1797513
1241037
4123421
4915895
11639780
5918414
21622482
6392055
1911882
6516576
1216929
1972754
2367867
4833653
11631340
1414632
2054931
2281373
1195791
1438677
3062105
1761621
1122321
1126084
2254254
3565840
1792276
3151586
1119894
3349773
5286105
2022595
5922756
2054896
2858461
1967180
1950173
1897846
1879443
1312929
1428049
1835397
1420424
1175322
1102165
3774655
3125048
3264493
1792177
3137255
1105202
1507275
4830390
10440818
3513205
2367743
3009651
