4152754
10559304
20389202
6782521
20501270
1812439
3155622
6531676
10468852
2283084
6790474
1925232
6139592
5038509
3065343
10451832
2004407
3016221
3561591
6125543
21336788
2048364
3123939
3705820
2129362
1853785
6437035
2078219
2221889
20501271
2699701
24714636
2213684
25880334
24696808
2300626
2009825
20426236
2048124
25839869
3522694
3412107
11443660
3165135
2028068
6439354
1668021
2373834
3710879
4838107
5275312
4218539
6730936
21346268
2220812
25897402
3033729
3218402
26680107
1468493
4833241
3244068
3165385
4137276
1792473
25747128
25725666
10480178
6794149
6805154
6876115
10775030
2005545
10451835
7162172
3165386
3072649
26374191
25791940
24863533
2078225
3244065
26418202
10566532
26011722
25929854
1958655
2281912
1361268
2138527
3340229
24524404
3135064
2703292
2138767
1860523
3931437
2062202
23720194
25835989
20432513
19958299
1785029
26436202
3932365
5291181
10527811
20274086
2974188
26718236
2363678
26577099
2028070
10739632
6436924
2080619
3389971
7440370
1205053
6436925
6794017
25709564
26389232
3550601
5379541
6946709
26346927
19281910
1959892
25732720
3037790
10594424
4853249
26410186
7698729
26640819
2139108
6727858
6861939
10607040
1446870
20283081
1932095
20492474
3147659
25934782
22606927
3439439
25750166
1198354
25795071
2382094
4833933
3024940
4130055
10808443
10563041
3713831
24283416
5414115
1830208
25908432
4714187
3071317
26583763
4887684
4889767
21331202
3101896
19977093
2382087
2253362
2040347
2004509
3087031
2297710
26255852
3205242
26343553
5375571
4144066
4149332
20507294
1799812
3074810
25838009
4898688
3142383
3812309
25908409
6827318
6716567
20380197
2970172
10742649
1464824
2239745
3015088
26336023
2305270
3170442
5297359
10344574
1787843
2975947
25765016
5366006
20492216
4025049
3739306
25898722
6072853
3802381
2241269
2221121
2340167
3232134
26713225
3611391
5366452
7055310
26363575
10599676
25791942
3250733
5293819
3664145
3021414
1098640
2147373
2375894
2340168
6266299
3177843
3696953
26583776
2176855
4844954
3153363
11587934
25982108
25700787
3069481
5921799
11614388
10561643
26222164
6894976
2257608
25832464
3004594
26255858
5936095
4737152
10831608
3067732
10546254
3288009
4025048
25716092
10801275
10738605
25714562
25934784
26148476
26713224
25919864
25762234
26348534
6777935
4729353
25929620
24701827
11602618
3053120
25766551
25929621
4893632
3056907
6965582
1860529
3679840
1253459
6873409
10731633
5366329
3255919
24870698
1860532
20411461
24855606
25695976
3101286
25725667
4925049
4841659
20411512
25695978
3894603
3863359
19898236
3120720
2038441
3101421
4143275
20283082
2133200
3710711
4909249
2327556
3260520
25725668
5325550
3069940
4209676
23165816
4900241
3819920
25841471
3608327
26257216
25765018
3337015
3249938
26255849
3214462
10518698
2300051
3239554
20283083
4048188
1377681
26148484
6866297
25917401
7058987
10581492
3766708
20441844
3998997
2381531
21355998
25742357
26615105
25922348
6428342
21334191
26424037
4179799
10558083
25955091
25955155
4110626
3274141
2139618
3100852
4860814
1956593
2993425
11602693
3236601
1092923
25889140
10557322
10786466
3815246
3361744
19943805
10876473
3002672
3122715
3829610
25855722
5256867
24283418
6843907
2298345
6139577
3561593
4583098
25729887
2062281
3183693
23780086
3143821
25886158
3802382
21241483
3673479
21241484
3779046
6425455
19957704
11528163
2048588
2120534
5396149
3735921
24283628
3238250
4834582
4179798
25695979
3239786
4582414
22499412
6432098
24380627
1014751
21359320
10608302
24380625
3786931
5030313
25934791
3568383
10451754
20440086
3426048
5346214
20370981
25835992
24283791
6730920
3238252
11612524
11443725
25942327
3048772
20379841
3998999
25983068
5917229
10345006
6877628
25700789
11535055
6518454
5261749
10829772
3127865
6982343
3361748
4136866
1946021
6532855
4023238
25908425
26388421
2176759
25835991
3421785
1464716
25744975
10484449
1945493
26366640
6509828
2271317
25904032
4713881
20563214
3786933
21357612
6428341
2589967
10519655
5296866
5403363
3264660
6964234
24891568
4041246
2240959
3170231
2995606
2246239
11443267
20440228
24872206
3228736
3157873
3127813
3133417
20366855
3071718
25846281
3042879
6723573
25700797
11445472
21361151
11445473
2976880
2304613
19998065
24740579
3290333
1546477
4131896
10751093
11526453
3012313
6526952
11443717
1939705
2343018
11510504
4718480
3168444
