26344078
1084336
26647054
3608208
5437113
6797396
20443559
1041007
26616226
1009257
1007914
1071241
1039487
1432596
1013129
1257365
3025618
25959972
5993314
1095634
1036274
1794620
3608235
1433640
1119839
1066462
4826530
1064841
1041128
1982200
6857344
1052990
2160226
1033825
1033190
7047201
25870860
3594151
4734066
3693974
1489401
1007952
3141960
25985966
1467519
1066165
25982794
1046209
3175372
26267109
25831096
26628984
1035848
1855231
1002898
2361768
2039931
19985027
10560097
1043008
26690100
10794550
1370897
2296687
3665874
3554154
2082194
26681724
1056733
1192700
25999982
26644623
4115227
26278316
1358873
1021615
26607921
3106707
1907739
1004088
5988558
26582271
1026035
1880824
2161691
3699108
1030469
1542939
26328457
2050767
1318622
4219125
1001136
2117875
1010898
1000251
21681263
6735972
1003078
1397331
3608170
2150240
2349930
2117871
6007431
3689118
2159856
4150038
1054181
1880823
2266772
4832665
2121010
4049269
1066911
1431836
1072319
3797733
26666033
1285961
1054899
25881349
6534894
2171321
4930102
10435833
10555488
2158463
26601206
26374356
6784968
1059503
1018482
6844341
1830156
1006770
1026317
1803641
4714156
1888031
1021847
1433568
6424706
2052257
1878265
1030200
1192706
1873569
1073333
19894084
1058520
5395407
1270150
1021193
3129409
1059937
4744788
1023059
1784153
1871892
1084822
1008459
1049354
1003419
1491320
24891592
6971390
26038436
1782032
1489164
25782292
2117872
26276701
3338175
10567936
4289329
5980371
2120339
1915170
1199034
3696829
5243268
1102403
3621942
3210683
1072126
4012128
3661060
2274208
3089661
3137185
1474343
1448645
20273030
24886923
1972325
4138982
1102876
25857969
1009273
6919652
26430486
5398731
1865689
1433572
3620500
3419241
1436586
4736014
1461652
4732175
6265890
1941301
5299807
1031575
1603984
5341084
25732034
1899006
1090575
4726738
3822879
4087909
1546437
1915337
1065799
1828307
1965464
1765512
4872917
2171327
10604035
1700474
25909857
1221327
1028779
2193875
2984402
1358413
26285731
3499285
1959287
3628184
3033094
25734421
1005279
2002914
2980812
25917623
1152564
1310673
26582931
1028404
1483522
1030864
2032280
3171267
1040632
4987594
3614177
5957787
3529625
1442791
4237837
26611997
4137490
2257333
1204889
1080758
2251434
1029696
1761056
25839400
4753975
26411427
3338216
2212064
1064862
26269050
24849705
10604012
26273687
3549894
1083091
3023897
1578732
1214898
6440304
10515648
1318615
1813973
1982096
1316652
1092965
2120425
2148524
2278402
24847416
3654011
2340058
3083264
10604495
1007576
2188017
3823070
6507880
2050768
1028270
1323769
1491598
2033349
2274446
1884655
1023882
1659189
1912993
1819930
26640819
6831113
1046883
2970121
1486619
3240293
1045569
3437051
5355666
1367964
1902982
22693008
3449341
1032764
1982120
1536907
26315808
26264147
3226033
11534101
1485700
1210735
1491317
1131805
1021209
1199658
1007396
10831818
5406471
1061367
1058413
1367458
4902445
2122483
4894876
1436584
1070441
2036835
10432767
3224618
3841355
3867627
3026354
3554095
6843974
1056707
1047927
1152745
1119980
1806300
4061279
2301377
26686914
3045320
1163327
1819974
1456886
1842181
3429105
26275236
5940493
26270313
3007982
1819816
1816104
1048047
1291599
1816103
1000993
1470686
2119272
1005121
3792185
6560648
1975886
1739589
1881747
6001114
6048869
2135803
1017993
1816105
1064880
1157075
2131751
20379682
1257342
1151061
1779099
1976471
6866113
1066133
5423585
3521989
1228700
3411698
1758542
4191709
2025004
1065264
4743834
2326886
3086575
1459357
1491325
4263422
3620505
7056952
5243163
2135382
2373984
1908603
3697736
2052682
1013814
1049814
1225366
1344716
2970118
2309204
2003111
1009405
2057592
1534215
3876276
2027835
1796861
10763602
2150588
1986590
1444555
2975344
6401133
1915031
1884658
26487794
3016791
3620499
6953245
1584476
6952336
1965681
1055445
1022341
26137168
1083482
1156424
2336818
1026686
2052815
26261250
3228781
2052697
1933479
10542852
2150586
1495373
2340082
3024931
25971439
3111121
1000353
20561802
1368535
1431184
24860404
3358543
1276777
2117876
2129427
1578115
1965310
5919046
2069606
1068437
1776490
1871364
3053271
1044156
1013248
4097264
25885872
5261730
1440357
3545537
1439737
1170759
2029726
1029951
1824714
1024889
6837944
1797670
