2223180
25804890
26658035
3127834
3853342
1083444
1011617
1889450
26012244
3338627
1159373
2008542
26655503
6843244
25783682
1193831
1852664
1481803
25985738
1070175
1917628
6527509
24533745
1921729
6082116
1393426
2324366
6819534
1379556
1082734
1109066
2280661
6530484
1908384
3146570
4988236
1319369
1781918
1209080
4893258
2350065
2047886
1490242
3015753
3773007
1035195
25953841
1443349
1946714
25960852
1753047
6901449
3233400
3015751
1895758
1084126
4074678
25814975
6049827
25839590
4261255
1488517
1510468
3410871
20392277
2307760
1580361
1056001
4171044
25917524
1528947
26686952
6080846
25880732
25853922
10794967
4018957
3299913
1676855
24816689
1213551
1029929
3083692
10597787
1263759
1290556
1189213
1132624
24756847
3153529
1912640
3802448
3733096
6726105
1443789
1266150
10451868
1481674
3864466
1443788
1097512
3684969
10831313
1018654
5924938
1080338
1209034
2024626
1430632
26318499
2983375
1213877
1443787
1066407
1819395
1271048
1443439
4145697
1062953
1820107
4233460
1968225
1143847
24700150
6015615
2160897
1262928
1083866
3181448
6526249
1096579
3413316
6396782
2977552
3060825
1226795
4827256
1451103
3075631
2307469
3103011
2281087
5388019
3267116
1672646
2137851
20425524
1968166
4729674
1252810
