10750155
1148282
3288908
10590856
26163454
1477390
3227098
1139426
26596778
1885170
19952400
2061116
5257905
20432061
10432347
24703171
3004255
21323941
2130743
1102235
1451622
25753386
26265544
26699412
10769749
26148763
1130500
3294335
25894685
10758624
1998341
5377669
2377310
1232071
1784887
10482195
1231910
26351257
1230487
19949020
7006719
6424904
24746415
26292004
1013762
1115600
1507931
24749842
1755557
1996256
5252170
21249088
1152912
1110934
25910559
10436668
1971825
25837031
25713498
3904676
25984046
1852515
25854872
1806974
5952531
25899625
1893050
3425827
6966465
5269219
7175280
1786120
1787103
4854123
10471912
6758780
25902102
1968704
1888111
1809089
10344930
11542972
2038599
3248794
19934150
2209702
26593822
1138189
7064456
1400374
26638586
1765938
26148739
1390010
4178907
1831698
4007200
24530461
1144007
1436134
3307202
24529132
3072383
1224802
4861766
4138920
4915945
4065258
3224524
3099540
4941558
3695850
6962285
1110941
25915707
1481158
4030327
3155710
25805152
21329264
1789534
25779326
5378558
1231271
7564093
1470267
6558200
2350559
2870337
5258931
5975393
3155014
14267904
1089783
2024655
3351237
6801697
3328585
1159177
1154204
3234692
1475870
1737661
4033320
4068099
25859528
26302533
1792179
5286107
1230206
20421419
1433399
1826292
26337727
1822197
3098386
5253771
20962468
4722718
1231933
1933034
25812550
1281543
26639401
1484451
2035809
4048566
1231452
25737750
6124333
4753387
1441429
3301233
3729518
4603803
1391000
2030668
1456967
1230338
1246353
26348921
2157943
3430776
26437066
25906843
25911738
1138922
2023370
1400420
1088180
1418402
1247360
20472991
4191525
6545083
1856070
24699581
10465997
26302596
2621921
10756419
1768600
1740461
7159030
26641732
10607365
4924153
1185925
1852976
1400498
1143801
20451391
2208525
3269549
1757982
1823807
1094414
1896792
21325184
1134994
25772440
1125359
24534868
2183420
1699539
1910326
26570695
19986936
3837355
22925199
3802826
1886174
1231891
1230412
1437118
26278331
2173399
1237002
25779461
4049942
4879588
2382700
1889238
5416095
10564644
26315483
25879705
1481058
1247361
2153238
3217943
1786209
20112875
1316052
4908227
25945449
3575877
2162225
25854719
2056370
1972231
20270192
1891912
4924297
3916225
1105582
2330824
4317573
10798975
24735417
2568362
1116599
2330016
1188923
1822897
6052205
5991495
10574101
1683278
1887984
4249686
1138527
6025287
2340799
2667420
2359365
1231902
6533777
20486015
3182112
1989199
6915691
6789516
6853975
1760738
4937268
1178140
1085842
3887824
7564419
1220122
25842089
3117569
20437847
5290339
2038862
1917565
1157908
3177211
1896756
6828678
1231361
1896663
6905019
5258932
1504426
4473922
1172109
5273954
3923731
3162567
1889093
3217620
2300986
20452340
5410320
3639345
1909336
10606626
10530466
10436050
1770852
3554292
1769322
1237186
20254543
2340072
2057924
1231696
3221536
3924688
4884975
1484710
11896078
26284706
1231894
4893547
4916424
1949067
4238184
1782632
10536490
20280302
1801392
1785417
1216137
3879470
6850201
1439611
1229949
2162035
2193394
10279121
1949169
4730736
1896758
3199621
1854664
1874395
1762507
1909548
1886305
6891958
24178620
1730823
3269796
6396250
25879674
5947473
1170939
3056375
4778377
1613324
3572912
1435535
2368404
25735798
6434299
2144796
1448494
11620581
2179488
2627156
11594617
1858898
2309050
1231268
4251756
1318836
6019727
1480239
1823805
5062896
1178870
1954443
4807364
1241037
1231358
25819566
1152355
2338416
4253837
10469521
5952528
6426377
5258933
1944826
1874394
1652744
26375841
3989842
2304405
3893574
17564597
1177989
4076217
6313270
1093761
1866825
4813663
6786777
1231767
1499806
1169844
3592243
3152176
6793652
6028258
6524001
1194821
11638634
1173877
1610463
1125748
1503810
5904145
1230387
2016015
3738020
6751237
4175538
6718508
2307411
5343024
26392541
2122519
1241357
1081005
1101945
1224798
4861957
1199577
1237247
24708288
1889699
3035237
5311616
10565616
1929049
6984749
2875609
1970735
1965479
1175379
2024812
4926709
1110376
3702292
1219735
1435683
1172178
1154376
25727934
1842439
3208676
3901836
6431094
1217717
1869344
1101779
2044626
1610337
5921470
2348812
1770012
1142226
3061693
3070758
1671885
3199995
5365195
1444648
19952187
3838195
1655769
26028176
26083656
4908229
1811281
3905078
