26275861
10786473
26306686
26663916
26698020
26582822
26297606
26641761
26677905
1183730
3609132
1786387
5321463
10747883
6709783
5913475
24749465
10785583
26695338
1033778
1083156
26324497
26701308
26608585
3682751
24753751
4180711
25863621
10945606
3151575
1193621
1048007
26584286
22994632
1056295
1115353
5287474
20507212
5914587
1322025
26314955
20429677
1017180
5325618
26590171
6536593
3000997
26270679
26362040
25881102
4882120
1020644
24851460
1970428
10586741
26682111
26697242
25942507
25968115
1874488
4243770
25858068
20473412
1894695
1072438
3002878
25749845
4953707
26178426
1135754
1031526
26585057
5421787
3900987
4726323
1084435
24738302
1055258
3223711
6854525
26374036
4075835
3291111
26649613
1269900
3138847
5320866
2382433
6718487
24736458
26411602
25843908
26640794
5916234
3558629
26362997
1005576
26656532
25963469
10773358
4020857
26379069
24753651
11528220
26586771
5297291
4929897
25779342
26388011
25908079
1085660
2348372
5921213
2380307
2116916
26400900
4292120
1919072
26704143
1059769
26591077
2999785
6801742
4010185
26644070
1473250
3922162
11589950
4723970
24739109
5914475
3682204
26354200
10484709
4899351
25733593
26237302
24745639
3320425
25871778
6687032
6519759
25775696
3691437
24878420
26288194
26260187
1867642
25772550
4229525
3744041
25928983
25975454
2259198
26575141
11516567
1046164
1059490
1958120
26312259
4326057
10485011
1102259
11516220
25779152
26637801
4051739
26308014
1019959
5171244
25800616
1457028
20389192
10603541
25804890
1021056
7007666
1443196
25852981
24541955
2158889
10510736
1045862
11530078
26630833
25980669
6894786
20505765
1004118
1022936
26278639
26651382
26388790
1038977
11603298
24732529
4050758
4849382
26272662
3006483
26577765
24523169
25909355
1433346
25807982
1055088
4010196
5269192
7051113
4086725
26606009
26413204
25813579
1438147
1083403
3869711
24714655
1595292
3816827
25986746
5360180
26643780
1128313
1100470
1464593
25777433
25733957
26612973
24839553
25823036
10563202
5325852
5344908
10605328
1927902
20480678
26589583
4036180
26702089
10786476
11589951
2064450
6980818
25965995
6077688
25962759
6428387
26008422
24700126
2048893
3313363
4736118
20493042
25855770
3595095
4630664
6851648
10568352
24838618
4822145
2015368
11445551
26220259
20434430
1316569
3932520
1137278
1156866
26435358
26293220
24298931
10796954
5399425
1790456
1436707
26099295
25747577
10431236
5346017
4238931
1319893
5379353
26646553
25782608
10484712
25830853
1013638
1424955
10588814
10441244
1435907
1435909
4722180
2309689
1799984
1311874
4169488
1313124
25969067
5302113
2230248
1910216
6052860
4748753
3413365
1039311
2225735
1002474
4894684
22229485
26378573
6404010
25758308
2253513
26183356
4100680
25766700
5431183
26462816
10568233
25885921
2984241
5376384
26386566
1161817
1050510
1429901
4012040
26431332
26701741
10453927
21346249
10788371
25785829
25873066
4594514
25958751
3313327
5313010
3746915
25795595
26389554
25744065
26697460
3393766
4163938
26256719
2212128
20492093
26382598
3735295
3889178
4860526
25743907
20283567
20453004
25815819
26435313
4246667
26419762
1082901
7054652
1318427
10446295
2015536
26164637
1499783
24530336
25931208
1969064
26302594
25843241
25817021
20616993
4030556
4225644
11510870
6746174
26430818
25838364
1473323
6828163
2169896
7051024
3053894
4846035
1279659
26642422
25731751
6779576
26599189
11160553
3729173
1867455
3794450
24305938
19977078
1913066
1159949
1780035
24335672
20434393
3291970
1731825
5322646
1157539
4010186
4851372
26410894
4118751
1427527
1394365
4867187
10433837
24902403
4826033
11601991
26701758
5336008
6885274
25765450
25749852
1159373
1085646
25762577
5246820
4737015
5254136
26169876
25875806
1173463
3184666
26657426
25827340
4039936
3043491
1104943
3822285
1084471
5377234
25956450
3631947
25925957
26604221
25862775
3622624
26641232
3233988
1074945
5362909
24700106
20365163
25984823
3896758
2054246
25861518
1004325
26293605
4245187
6970804
1461005
1015133
23018929
3419122
10741914
3717183
6938350
4217139
1101606
3845101
3391796
1453922
3350931
26349459
6862062
5408875
2257609
3371165
24708172
10565381
1853323
11632326
4112632
26344853
1827578
3567853
3741218
1578081
6508275
3465962
4830099
4924898
1951372
2076962
26422298
26284789
6712294
1021977
25906749
1000900
4874210
3323987
2343561
25850087
3149514
3797051
25815267
5311625
26692408
2180696
