1017143
4920007
1060117
1013225
25881325
26613544
6711405
1433377
1063796
1016486
1057197
5917662
25900384
1025336
1052828
1064828
5936857
1023709
5918057
5917736
1030366
1037954
5917968
4191577
5918007
25900388
1433381
1876746
5917945
1424307
5918375
4129403
5917726
5917720
1361931
1011680
1208148
10605033
25900366
1937629
5918367
1781177
1923481
26046347
1547222
24845895
2213865
5918355
25900369
25902728
25919831
24845890
1394427
24845888
1344536
24845894
25900973
3010427
1683434
1449451
25900377
1317301
1068960
25900376
1471829
25900975
20277974
1360864
1018902
25900365
1915837
6038875
25900368
5917733
1258342
1340784
1360866
24845896
20277979
2132087
24845903
24845897
24845905
25900374
2971666
1139750
24845893
1329933
2076095
6963742
1390027
1361661
1055157
1827740
2019833
1361651
1024466
24845901
24845886
1348412
1438929
5914515
3784932
1191896
1362295
3540140
3395715
2255760
5420132
