1770782
6082808
2567698
4913064
6781808
26276775
26344078
1084336
3066477
4820710
5363767
10594787
26707295
7163250
1008145
1858513
10517238
1032501
3162991
1007305
4123116
1012611
26314954
4908885
1082154
1200840
26591906
1041482
1054685
1795079
1046265
1291204
1476651
26647054
26598807
25829693
4011670
1017143
1863930
2035162
1057244
4920007
3719533
1034282
26356948
1061118
2284311
1424741
1292409
26692468
11614503
6518605
1003479
1068920
26374532
1062343
5913475
11445548
1088581
2035171
1082334
1046492
1060852
1400705
26642866
26390842
5346110
5243775
24153048
3261600
24382569
10564071
6789605
1045818
26673156
25762009
25708359
1089243
26287453
1090043
2035179
10583099
1083428
2253381
2159042
2154960
10785583
24859822
6797396
20428302
1856494
1029791
3406401
3006581
20443559
26672693
1041007
1865089
6973970
1008988
1827374
1102715
1261560
1064275
10774752
1085860
10555509
4881639
1141406
3057333
3610681
10779650
10560798
1320282
24736899
1431870
1003000
19958089
2053249
1086249
1829226
11601199
26686936
1084165
1336330
6781794
6425061
1022060
26264967
1059419
10757940
26710671
3402999
1873231
20392523
5299764
1085799
1203426
25873686
5910656
2046807
1254588
3260902
23779370
1083762
10549934
1767945
1255625
1082406
2328458
25961458
4760224
1291809
26710670
1225983
26426917
1449351
21979017
26616226
1858410
1361264
26319730
2326403
1855364
1071227
1321789
1060068
1465324
1192090
19940743
1009257
3284547
1056295
1004821
3673651
1071241
1039487
1083433
6431994
3391248
1981042
1200842
3228779
1858568
26671435
1789837
1040211
26627837
1922216
5333562
3990022
1858576
1018136
11229072
1322025
1061803
7065521
25858680
1136881
2052049
3079029
2060491
1082518
1119522
1077528
1322455
1917972
2244146
6952036
1277981
1432596
3187737
10738023
25815309
1418058
1147193
3043562
21360827
1760432
1082138
2295163
1476213
1050339
1005492
1316648
1148282
2283920
1013129
2158161
26022097
1468426
1779243
1292416
1209899
1258490
26410730
3136271
1014278
3025618
3808982
1080370
1394364
25902448
26700416
1483894
1255624
3803820
1442869
1883245
1963684
1032063
3707886
3143537
26639786
1013380
3578470
26679240
2124114
6953273
6800379
25844463
4071859
1041385
3826899
25757313
1080309
3673771
3017857
1807516
20501147
1456692
1069848
1002299
1417385
20376604
1401841
6016234
1020961
1024197
24380577
26276279
3169746
25782520
2042538
1964774
2083981
1449352
1213546
3183775
1786670
1418686
1038196
1469878
3522695
1034067
26610864
1077492
10768068
4822685
1039752
1019568
24092345
1059258
1201821
1120886
20470849
1036274
1440972
6789551
3757732
4258830
1043815
1078250
10434849
1894695
4843155
10488563
1008074
20279673
26689989
1060117
1818347
3389960
1789841
1317899
1025643
3054821
1922246
4908872
1069059
2253380
6097966
26110579
1872158
24107596
5406559
1052074
25752043
1401425
1077847
1321017
1088711
1135754
3674537
24163576
1007433
1792668
25985126
10740958
2194123
3076984
24745649
2258034
25923082
1022632
1013225
3719531
1060774
3608235
1949420
1055258
1017334
1028842
1021273
6861664
1391191
2136484
4242406
1005521
6265745
1015748
1559310
22163516
3616310
3131626
2130190
1803022
1292412
1465007
1205370
1021346
1014561
24697776
1958714
4012143
1007772
2193876
1870268
1139336
1006113
1082584
10604915
2302217
26534892
1119839
1883991
20376550
20392525
1400707
1085470
2256351
1216737
4202004
5382213
2359052
1066462
1400059
1061242
3901880
1088065
3289274
25759355
2212371
5958737
1024570
1763806
26318808
21363162
2165037
3523041
10455982
1008189
1880831
1859108
1221479
3815125
1783111
1052203
1092335
10555535
1005354
3097539
6313461
1477390
1004699
1398395
1317485
26289739
1034279
1318126
1000121
10555486
26435630
3537590
26043287
5921802
1147347
1467368
26673252
4020857
20494401
1082387
1007928
1016003
3815131
7055441
1315844
1010472
4286204
3227098
20381804
1040466
1860750
3697494
1836555
6397522
1408193
1014578
3136255
1322336
1064841
3007268
1491153
2359003
1286547
1322358
1442720
1017238
2029680
1056023
1013502
2340609
1319910
2350407
26281315
1041128
1049957
1010204
1139426
3544376
3191322
1315199
2161892
1205054
6714015
3266609
1029553
2165076
1187842
3259428
3662001
1034329
1398441
4139056
1186392
5939751
2046236
2042119
1626707
1043485
