26582558
26658379
26698020
26582822
26297606
3719533
26692468
5346110
5243775
10785583
26590267
26390229
1261560
1033778
26324497
26314063
26541801
3151575
1193621
26163553
25782902
1077528
1017180
3000997
5408886
26270679
26362040
24880341
24851460
25844463
20366370
1970428
1220853
1058131
6913343
26697242
25968115
25926542
1874488
1095634
4243770
24092345
10799082
20473412
1894695
1072438
4953707
26178426
3225979
3900987
3719531
1084435
1055258
3223711
4929844
21966353
1028842
6854525
26374036
4075835
2081876
3291111
1021346
1958714
4012143
3576486
5382213
6718487
2025235
25913619
25902226
3097539
26362997
1087737
26435630
10733032
25747852
5297291
3891900
25947310
3025921
26388011
5939751
25908079
1138353
5921213
2380307
5402682
1626392
4292120
1919072
25779298
20272113
1325507
1473250
3922162
11589950
6828176
26415165
5914475
10484709
1089991
3648316
6754574
26237302
25871778
10773362
1484425
3055719
1867642
2259198
26575141
1046164
23760469
4249967
1433411
3869949
26636765
26388427
10485011
25717107
2304817
1116367
1972412
4203984
1070007
6429781
2051332
1443196
2983683
26434054
10572016
10510736
5341225
11530078
3224929
1004118
5914480
1022936
2111085
3043970
1089142
24523169
11530079
1070147
5269192
26032227
25890247
10544307
1013378
25846075
1780208
3260366
20272112
1438147
11626951
3869711
4243276
1150503
24714655
25986746
26374984
4244859
10441759
2189613
1876966
25927672
26659834
1059824
26435820
1588297
4036180
2274697
4137173
1082593
11589951
2064450
1182173
6980818
1007459
5921785
2005726
2048893
6712293
26388291
3171735
3427304
4894568
25849758
25953932
25717380
10765392
6743298
3595095
10799984
10827620
24838618
2335844
1137246
4822145
4860448
2015368
25719688
26656350
4208757
3932520
6557288
2382899
26327897
1429642
21325515
1131736
10617312
26376865
10439662
20492816
2339892
2338638
3725829
3000660
26361652
5346017
5379353
6885949
1196945
25977138
1085935
25843334
26700368
5253757
1435909
2341113
6967535
7060184
24872278
4111974
6556332
25969067
1038279
26329401
26435017
1910216
6052860
4010197
4748753
25893995
3413365
21329758
1923472
4906492
24700123
3558787
4894684
22229485
1252057
1728725
20394150
25758308
21706191
4100680
10568233
25831015
3027464
26651410
24700125
26611892
26658944
1873802
1480720
1429901
21371574
4012040
2354988
1015375
25924610
2026281
10453927
21346249
3803268
6736909
20373351
5353235
4827219
3313327
25766497
25767203
25795595
3393766
25869991
11632329
20280796
1042567
4909243
1065156
20492093
3735295
7064561
1211972
20453004
20435354
1962687
1438948
26220124
25751995
4238941
24745513
1318427
26672438
2015536
1057378
25800850
3265599
1599035
5917261
26584055
25912159
3932811
4772958
4225644
26695132
26320379
3109947
1473323
26333844
3137979
2990015
2791877
1421923
1279659
25979459
1166000
19977078
1913066
26319391
26253507
3291970
5322646
1157539
4010186
24878434
4851372
1427527
26377140
26358478
11601991
5271687
2131777
6556296
6999354
6720539
24704563
1692957
4737015
1100657
25875806
1949744
3184666
6833967
4238939
3434087
1949390
26612166
1141543
24696672
1084471
1448727
25925957
26318341
3233988
1171881
20365163
1467393
2155342
25790070
6827453
2079931
10741914
26600395
1043419
4217139
26342274
3845101
26358914
1419432
21964791
3184668
5299847
4191818
21331443
26256753
2996034
11632326
5946317
4112632
3043449
26627811
1149697
2222030
6508275
26314075
2139493
6403593
24745480
1951372
2006592
2375990
1428050
1000900
3797051
1465419
25815267
5311625
3248694
1017213
1069660
25756203
3685882
1049946
1281898
2031890
10550974
4069561
26214776
20366369
5447147
2016501
3107581
3782109
4268081
24872319
3027457
3315951
6822683
26388289
21326266
26293301
1032570
25795769
3237711
26387551
20502310
21363088
5992743
4124834
3348742
5283699
24528199
1038949
3824134
3300402
26304280
25975503
25837660
4931700
6522852
1443638
1961160
1789444
2977509
4168140
4012145
26201890
25925797
1977206
1431645
