26602392
1084336
26662689
26314627
26684198
26469245
26647054
25960141
26701099
23008971
26603439
26307399
11622283
26663864
26371105
3014576
26376603
26376049
26661067
21267489
20470917
25811462
26589018
26577096
26425832
26613906
1257365
4071859
10439064
26369210
26389520
1154707
26318944
25775445
25923082
25934300
1433640
26614368
11588848
26429888
1066462
26265303
1346815
4714734
2334065
1041128
1982200
26264956
5327697
26675739
26357269
6857344
24736805
4082434
1033190
26431217
25808222
21692813
25870860
1933931
26613544
25912873
3693974
26654475
26370164
1540211
25870967
10747391
26593188
11527101
1032645
26590933
26278402
20470916
1467519
5263615
26267109
11628722
26628959
5505258
1002898
10742073
6975925
25907864
5914563
4908957
2361768
4251473
2269669
10560097
6967919
26646733
20424614
25961294
20470913
1211572
10794550
3665874
25939157
6523085
3554154
1442680
25836825
26681724
1056733
25958461
26606726
3012658
1192700
26582987
25878913
20516653
26628964
3743038
6003067
1441853
25999982
20382249
5366275
4898554
26641606
1358873
1021615
26657222
4252505
2123287
25853069
26664087
26690392
4188697
26611270
5383175
25879527
2282097
3106707
1907739
20470914
26108383
4260576
26471474
26582271
6387054
1026035
26237097
26141640
26379073
3131814
3129584
26323411
2969420
26278406
1965977
4882050
3699108
1922977
25768157
25810166
3053294
25737866
26591755
1001136
23042516
26613709
2117875
1056868
26597979
4149287
4934332
10574335
24756462
23780875
26707760
6735972
1003078
1397331
6800784
26352443
3608170
26582858
20435633
25786881
1853785
4780102
5408863
2150240
1785927
4075203
2568091
3181927
2117871
25968489
24732964
26610688
20385444
2034893
6007431
10580806
3689118
26043286
26582044
26113847
24307508
26345261
10529412
4150038
26429610
3128104
26699138
25921388
1769765
26612407
26314736
6973840
26345725
5924289
2121010
4049269
26710254
1438461
1431836
4904074
26373384
26685731
11619743
26666033
10759773
25871755
4721058
6392683
10513941
25881349
20469374
3316422
26215979
1018925
25969281
2171321
4930102
3215997
25977301
2033123
5354379
26315410
3038328
25872643
26661116
19974860
11530367
26320805
2158463
6731566
26663969
26601206
26374356
19977313
26383741
25786368
6127332
26662356
1059503
20509141
6844341
20389355
26279028
11639625
24883003
26711222
1830156
23780881
25963662
2090395
20279547
20379254
10678825
19967277
2996741
1021847
5363752
25946417
26273658
1433568
26636489
25922449
26301181
25818005
24869637
26410629
26393090
26689561
25701102
26582360
26028247
6392685
26658078
5408843
1030200
3003684
26545120
26638083
1192706
1092614
20385513
26672941
10439099
19894084
26339917
20390101
25720027
5413523
26258508
25789789
5395407
1270150
10553760
3786755
19954650
3129409
26437218
1059937
4744788
1257611
10531432
26232736
1049354
3114973
3227126
1227986
4115037
26038436
6858624
26616450
4149893
6896040
1032369
4103922
2117872
1283330
1050083
10821947
26354262
26308522
26591167
25783249
7060214
25709105
6114392
11516079
3537242
25982649
26431212
5980371
2120339
3916985
1437472
1915170
2130184
3034068
26612108
25936306
3696829
3675797
11581273
2118293
6121183
6127333
1336968
25848538
5377008
3910853
14278383
26612334
24732965
5243268
25751679
1442678
3712514
1102403
26394442
25744203
3621942
10459904
7063932
4904073
6114393
1072126
4906101
26318781
2070012
4012128
2042982
3661060
2274208
3089661
2274454
5354378
1448645
26611725
1807843
25827271
1103990
25759525
5404087
26656720
6456211
25843217
24886923
25720155
25857969
1009273
25902458
25934646
11599490
25761171
26657288
6919652
26430486
1433572
25867506
1436586
26393558
25829389
2118032
26435202
26613868
1427538
25822231
25763525
4732175
2330383
25900291
10602301
4852805
5299807
3376908
1031575
5988636
25815924
5341084
1976493
25732034
26632113
1899006
4726738
1474842
26259535
3822879
5257316
25833287
1029149
3651087
