3162991
26662689
26684198
26469245
26647742
26376603
26606513
26661067
21267489
25811462
26425832
26417490
1154707
26318944
25775445
25934300
26265303
19982767
25878880
25774379
1079708
20387173
4903265
26431217
1092149
1933931
25811785
26393693
26590933
3128801
26278402
25872094
5263615
20411692
26251939
26628959
26390189
1055088
10742073
4251473
4218686
1291969
26582987
10465940
3065652
1441853
20382249
4011322
1951547
1485731
4898554
1021856
11533606
1076426
26611270
26417642
26708517
3334535
24307342
6266302
3131814
2969420
26278406
25732578
4882050
4727293
25768157
4165856
25737866
2249390
3410759
25728106
26148067
1056868
4149287
10574335
25960141
10430691
1323900
5408863
26599282
3427962
10453633
1782675
26603439
25957239
1174671
5378929
25875154
26582044
1340897
4048631
26365909
25921388
26610898
26699062
25871755
4721058
5417093
1036272
10513941
26215979
1018925
25969281
26315410
25696117
3038328
2010622
11530367
3410762
19977313
26662356
26276406
20389355
1002701
25963662
2090395
26388669
24878414
20279547
10565975
25794692
11615440
20277309
26636489
26589018
26617116
24869637
5399602
24839474
3410761
3329950
20456359
6743317
25795774
10439099
3410760
19950884
5413067
1257611
26232736
26523933
1227986
1032369
11600001
1283330
10821947
6982049
6114392
20513213
3674485
1437472
2130184
4154939
4881500
24758435
3168709
7063932
2205654
25912904
4411193
2382924
1807843
26278663
26656720
25981059
25720155
25969282
25934646
11599490
24747423
3135032
26393558
10565990
20270447
25925858
25822231
10602301
25803294
25732034
3464447
25833287
1485268
5388462
1053249
26389380
5372541
1046615
2026870
1500210
3529322
7162744
26435995
1174739
6900438
20471312
26378537
10768980
26277913
20254610
5363491
26281082
26313206
6802416
4852397
26348108
19943826
26435324
26339251
1579843
11603000
26235467
26394095
26608163
3315749
1017227
1980903
25904562
25981617
3464448
1016832
26201961
1205346
2078883
2993841
1800113
6873348
1257057
5353300
1450035
1000284
25898774
26237246
10739129
1449168
26287475
26661550
19964301
3324151
24890744
1032645
1452345
25920941
19966092
5245537
5475189
26270268
20475579
1160888
3652204
1252151
4837454
20382267
10563612
3040948
1157182
7061613
4251079
25872646
10829052
2143015
2044295
2970121
26661551
2821121
1446300
5341654
3372470
2225512
25952069
6393393
1016673
25720193
10761238
2152661
26411019
1628860
4090260
26285258
26580921
4066165
25944413
25765054
1962817
2149449
26674287
10485530
25815846
6523085
4121084
1219614
4602970
1797637
1453129
3332517
10482369
10509471
25967553
25728465
20516764
26647331
25999982
25960243
3322912
4018791
24852221
2362352
26601771
1370944
3225358
4254481
26652295
25660718
25871666
4215068
1956148
10601524
2998924
1212372
26365256
1811560
26346210
2309919
3551882
1426795
26699696
26108383
26133644
25959500
6387054
19948616
23858949
10830085
1346283
2228794
2271067
1444827
24602057
10797735
5391697
1438525
1047957
26366765
1288019
1261815
5936451
21817840
6443390
1397659
6982062
4104397
2679108
1138909
6982046
4218687
10771463
6953245
6810402
26137168
2066355
1073993
1047316
25923258
10738888
26276517
2814449
6829264
1167876
26382933
1808314
6967955
1934665
3934265
1962045
2990422
1004789
1754670
26285701
25967753
25962760
25786881
2996489
2304506
25816647
2228589
4727295
1004151
3070038
3094772
7057439
1371249
1032726
22163122
26617627
5936044
4854539
6773764
2815285
1380573
26287657
1016437
25812974
1021698
22366569
5476602
19974410
10481057
1471649
1326012
5980848
10732336
1792954
1037051
4846595
1769765
2184687
1061004
3017768
25695703
5457136
6893816
1814322
5924289
24283812
1006435
3444293
2053144
26710254
10433882
5253467
1003414
22994429
1438461
25696114
1431836
25920002
1030936
6784859
1084866
6012460
10767251
26369743
10571606
1817964
25983050
26207448
2037896
1743043
4898682
6773763
26297786
1010199
1024526
26577879
20382264
2149386
1606879
3099392
1314237
1006575
1040244
10595777
25828799
3411628
26611771
25977301
1014485
4007895
25872643
2362359
26341168
3581389
5922095
1346697
3542734
1131497
25854869
1965604
10876152
1785919
1027602
21794293
25724967
26383741
1148778
26354422
1018438
25905020
25808349
21361892
4850617
1264793
20505731
6852200
25809216
3622449
4183387
1025251
1410190
6429635
11445554
25947467
1173332
3705916
1038594
1007998
26386761
1762704
6503926
3241128
