10750155
6021440
5333562
1148282
3288908
10590856
4822685
2130190
1139336
1024570
10546125
1477390
3227098
1139426
25779298
1240002
2243615
11541213
5372651
1152111
1885170
19952400
1230413
4889838
1102259
6862061
3590768
6038371
5387402
4262627
25708312
1052241
20432061
10432347
25863515
26264642
25942191
6529833
1088054
1140457
10484692
25723064
25724948
25723658
24703171
3004255
3117898
21323941
25857804
3360807
1391740
1788421
3652388
10746113
25965995
19952184
26320485
20382244
3296317
3852290
1786294
26546914
25752357
4199741
26586598
26702570
2130743
4866934
25826578
3112503
1767741
26649050
1102235
26351021
2000732
1173548
4736167
2230248
1229923
21338365
24722612
25881855
3040870
25768396
10549733
26462816
26274202
25867042
1451622
4837351
23008813
25753386
26265544
25900156
4188345
1467587
3012360
4163938
10792216
19973015
4904723
1152971
26287812
26337939
26599538
25762168
5362856
10546925
24737674
10769749
26148763
1236999
26382780
7155000
25884108
1951158
26598045
1130500
20260928
6860890
1921890
24335672
1474824
1179807
25848404
5338024
1632977
25856314
25894685
10510747
26397183
10548379
2308234
25962840
25815142
7056800
24250054
25803388
10797189
1998341
24527091
5377669
6862062
1842426
2377310
10779604
2154713
1500149
1096216
4031906
1232071
1784887
10482195
25828043
3549421
1417047
25742200
26285268
10561367
1459281
11614538
3213439
3924175
1494026
11941213
26365491
10432364
1231910
26284925
26351257
4826290
4279678
26248182
6522893
25870705
22793675
19949020
1451172
2228378
11874748
7006719
6424904
25869486
1142213
24746415
26337545
1391207
5948760
3420144
4719162
3132277
2185076
5355285
5432475
4743056
26587213
26292004
26612779
25735333
26278021
1139061
19962787
3558788
4859464
25900403
25662138
24872314
6756090
25809330
5345682
20436488
4164024
2994925
24749842
1755557
3032825
4496038
3146174
6049132
3142280
1996256
2110638
5252170
25908672
25927585
1219329
25844633
2334288
1792387
24749903
6806862
1132623
4924164
25930025
11506062
2248759
6126331
10555435
21792530
10733304
2052176
5344973
2152385
3354490
3673223
1091086
1108725
6800774
3319935
4843567
4241826
3176860
1767120
26005639
26577755
3136252
3037562
1888733
4828875
3246499
25880388
24536403
25728189
1801050
1152912
5336893
1110934
24699632
25910559
4838430
10436668
10760444
5442024
1929984
2778632
3023631
1761910
1445661
1232061
1971825
26389274
1140942
20471211
25837031
20451827
11530748
25713498
3904676
5288601
1419359
25918542
4141733
1058634
26644935
4848587
6097773
1087767
25735039
26285406
5985030
25984046
10773324
20381558
3729677
25910556
25854872
3545625
1806974
24858418
3735649
4130141
1208843
1231584
26208470
6025290
5407246
3329540
1436745
3425827
1896753
6966465
5269219
6003832
21866396
26176870
11589828
3022779
7175280
23123255
25923597
11026330
1787103
2287506
10426640
10549583
3897837
4924165
4854123
26638316
3948354
24841239
24703731
10794788
4263995
22139956
20556210
25823709
6758780
11530329
25892709
10438832
25786138
4818689
6526452
1116392
3043693
10812787
25902102
25981248
26264736
20390374
2120492
1968704
26268555
5064311
26615512
25772389
4024318
24737847
25881698
26155050
24319975
6859710
3668161
10344930
5387401
1230559
21372237
6559267
25841326
3267945
3039216
4886879
4040783
11542972
1484262
26378583
3248794
19934150
2209702
26266378
26593822
26346017
1320174
1869705
1432042
23820913
2111800
3134515
7007204
5387403
4291903
1099889
7064456
24533745
1400374
26638586
1435554
25843328
1088057
1495763
10542576
4881987
10793814
10482084
3216811
3423021
25966265
3007076
3082278
10789820
1765938
1726083
1876898
10427315
1390010
26591326
4178907
3143256
25829244
26363531
1831698
6524000
26576631
4832380
20452387
1954037
25733582
11610880
3745143
26312313
24530461
25858070
26681675
3775842
6068947
1144007
4006425
25953851
10464777
25798102
10483197
26135794
6730363
1436134
25910544
2696119
25899841
2298905
3892590
2065284
25942427
6957175
1836464
6802440
22139960
26652166
24529132
3072383
20452058
24708143
1224802
4861766
25780703
4138920
5402708
26340992
1432683
2280547
10779534
1231590
10536031
24381562
2994636
10789789
10831897
1886058
24089577
3864073
4915945
1231972
7564417
4065258
6025284
5416783
6787104
26274206
24375031
4732242
1241423
25923638
6011680
2160659
4719230
25703412
1488876
3224524
3125432
3012828
1441780
