26680113
26674263
1882933
1948901
2326571
1003000
1489555
3426869
1873231
25873686
6431994
26284304
25912734
26578003
3879301
1926103
1916726
26331014
1461903
26613724
6953273
5916880
10807374
1938591
10740021
10559304
6827339
26689989
26648636
4231381
1321017
19936010
3674537
25963518
1949338
6732193
2057285
2298149
2149655
1020459
4871447
26434548
2209098
3266344
26365847
2052448
3800166
4173968
26043287
26594509
6974232
26393180
3034184
6782521
25832787
5254315
25767862
25929667
2253642
2331434
5980360
2340300
21242062
5686369
3009821
2265312
23795254
26331660
6974102
11528339
4224758
3626924
20501270
6773643
3274113
26320556
26351997
1485495
26352002
26599743
2337600
4832553
26325635
26347982
1919201
3506871
3606570
25735699
26347981
26666471
1812439
2971446
3155622
25851002
6531676
10468852
4887524
2201813
26255776
26403896
5383916
1109968
1962929
1469051
26655263
10561209
1485224
2283084
6790474
10763905
26596521
6120039
4732378
1925232
1805988
4238754
25915622
20458045
1024217
25846270
1925218
1718386
2057550
24863499
6139592
3889682
21352126
25803547
25728092
1316622
11625032
25900190
6792678
2376306
4115227
25785758
25768277
4252115
1886385
4241870
24339872
24714201
3065343
26148785
26148475
10451832
6716685
1596305
10490350
6798506
3293231
1430909
2004407
3236155
26603434
3903387
3016221
24877203
3561591
26695255
25846260
3290028
21336788
6782520
3727329
3061282
4212812
1291760
2048364
4135947
1975809
24283160
5336428
20435586
4867367
11527022
6808505
3123939
1016523
3705820
25712490
24283167
10749611
6531656
25921286
26438770
3674353
26579733
3336465
25735703
3584141
2129362
11507897
6087472
11584484
4252125
4766047
24882309
4041998
1420368
3111691
1024854
3124547
6437035
2078219
4922017
1049070
5264447
26284577
25704797
2221889
3069729
2143487
20501271
2699701
1007334
6875231
24714636
5319117
20444642
25714176
10876729
3274851
2213684
25880334
13221012
3147450
24696808
25789595
2300626
6534919
26341728
11443061
5245615
2009825
1452923
25736633
20441778
24877322
20426236
2354969
1437858
25904568
3909876
2048124
20259330
10468727
6895313
10809121
25839869
3522694
3183785
1020393
2222551
1394433
10788158
6712214
26603435
3339861
3610094
4725541
3412107
11443660
10867759
20259328
3241893
1400048
1261471
3165135
25903898
1012203
2028068
4202300
6439354
1958872
3284067
5988597
1425636
3293232
2373834
26352032
10826858
21370565
2298769
5299409
4124855
3710879
3924481
4838107
24524403
5275312
4135618
2253753
26252198
4919608
1420794
26688708
4218539
3787012
10529265
4175252
3087896
6730936
1466696
10762477
1316623
25870931
21346268
5026743
2220812
25768282
3028009
10457086
24379854
4166020
10772251
2382707
26275273
6510393
25855719
25792536
10794265
4136640
25801864
11613971
2382709
1911519
2969572
26291302
5276802
1961970
3033729
3927199
24759683
3218402
26680107
1468493
20282520
1048931
4833241
3244068
3165385
2342840
6823882
6435156
7001192
1283275
2008976
1792473
1464085
26587753
26417443
25747128
1855343
26275998
10484442
1410145
25725666
22933018
2277517
2359687
10480178
6794149
4159518
6805154
1256186
20268144
25719558
2062430
10786074
10775030
1886402
25921439
6560171
2981573
3778004
25921287
4129249
2005545
25908098
1083257
4922018
26437839
26315121
3816834
10535987
10451835
7162172
3165386
11540063
25744234
3464725
1430910
1030920
5068504
25744235
20927775
20444964
25927528
1036067
3072649
2570719
1433726
6532566
1878819
25921288
25891017
26365848
5905877
3730731
25791940
20389201
1770668
3335951
25768287
6522859
3733114
26589045
26674168
2078225
3244065
26522435
23860394
7015296
10515109
1921362
19906939
5414084
4734919
3292972
10566532
3042924
1490048
25923242
21337763
1326828
1438712
25921289
1438710
4898668
1442920
3069478
1506842
1958655
4245264
3621144
11622713
2023843
26125718
2281912
1010520
6729710
25830622
6012075
5397152
10564808
6313955
5984284
11599245
2288853
1469429
2138527
6040895
26352033
25881120
1455053
1491251
3340229
26352031
3070952
5387711
24524404
3135064
6969185
26295181
2376610
3584719
2703292
25704608
4837447
1748232
2136038
25770951
4313949
2138767
4729577
1860523
3392301
24844263
3931437
26352034
2062202
4906195
6713177
25830624
23720194
25733653
25835989
26177190
25713178
20432513
24749379
4903361
6890100
26125800
19958299
4162727
26365250
26364436
1785029
