3162991
26647742
25756725
26354318
21267489
25811462
1958685
26417490
1154707
26265303
21363162
10430397
25774379
1079708
20387173
4903265
26431217
1092149
25811785
25810506
3128801
3111928
25872094
5263615
20411692
26390189
1055088
10742073
4251473
4218686
1059969
3175195
3065652
1441853
20382249
1951547
1021856
1076426
1675113
26417642
4818174
26335638
3334535
6266302
4882050
4727293
3464436
25768157
3410759
10430691
1323900
22994564
25957239
1174671
2974194
1042150
4721058
5417093
1036272
1018925
26315410
25696117
3038328
2010622
1400833
26276406
20389355
1002701
2090395
26388669
24878414
10565975
24869637
5399602
3329950
1814344
19950884
5413067
26430273
1227986
1283330
6039233
6982049
20513213
3674485
4154939
4881500
3168709
1072606
2205654
26614175
25912904
2274208
26376114
2382924
1807843
26382825
1001198
25720155
2331702
6535899
11599490
26393558
1153961
1064271
3464447
5372541
2026870
1813858
3529322
2162209
25808224
1174739
26378537
24232318
20254610
5363491
6437840
26348108
1028476
25848402
3315749
1017227
25904562
25842278
3464448
1016832
4606351
2993841
10553751
6873348
1257057
3395066
10739129
3324151
1452345
4238140
1160888
3652204
1086166
2132639
1252151
1051175
26382827
1157182
2143015
1446300
3372470
2225512
1016673
1057827
1114924
25944413
1962817
1124279
2149449
1219614
4602970
1054384
1797637
1453129
1737317
20516764
25960243
4191719
3322912
4018791
2362352
1370944
25909781
3225358
4254481
25660718
2368586
10601524
2998924
26258175
1212372
26365256
1165742
3247976
3551882
1860641
4265920
1835439
1444827
26462379
1438525
1081808
1592800
6152984
1047957
26366765
3830593
1261815
25957384
5936451
21817840
4104397
1138909
3020038
6982046
4218687
6810402
1047316
1015252
6829264
1808314
6967955
1934665
3934265
2990422
1585429
1004789
25967753
5948181
3117749
2016141
1967586
2228589
1004151
1123099
1944650
3070038
3725486
4854539
6773764
2815285
1058251
26287657
1046584
1016437
1239663
1485602
26366382
5476602
4177161
19974410
1326012
5980848
1792954
2224412
1037051
3116072
1061004
5457136
1814322
1006435
3444293
10433882
1003414
22994429
1030936
1084866
1062274
1817964
1743043
6773763
1010199
20382264
2334600
1606879
1006575
1040244
10595777
19977895
1014485
1312132
2362359
2162195
3581389
5922095
1131497
26374820
1965604
1018438
21361892
4850617
1264793
3622449
10563114
4183387
1410190
6429635
1173332
1038594
6503926
1085399
2057518
1734211
3799728
25779166
2816844
1084867
1769027
25938911
6511379
25972806
2298455
1003023
10804421
24732500
1339275
4233402
5274892
5915006
1540063
2150587
1544623
1833596
5976780
2138351
5249767
1100278
1809955
1058905
2261529
25865937
3702976
6535089
1734333
2012816
1000210
1799764
4113690
10442006
1668807
1119268
1027758
1025380
5936449
25801500
1045194
7001470
3909836
1479591
4126196
26292822
2997784
1039208
5033436
6857564
1017829
20411228
1012485
1082837
1132033
26369749
1196877
26341727
3742814
20282342
26429581
1999579
1099604
1376463
5038495
20645167
1803108
25931476
1038523
1659968
1140959
1150342
26431274
1150748
4891532
26374869
1264792
10575987
25815185
3186836
2035616
1594043
1883358
1751376
2181356
1323778
1148711
1938835
1480064
1861609
3111156
1772431
26413600
1134620
1123470
1119281
1988344
1811078
3185762
25763618
2274770
1464236
6742681
4881797
1312466
6437861
10575352
1876945
2221283
1081222
3156478
1099611
1025135
3529317
1143736
1083624
1029439
6821185
1421566
1840670
1958555
1311013
25785835
1434134
1151886
25981470
4881499
1019715
1027546
22224894
1196753
1679155
5312428
11511738
1357673
3785949
25953697
1071163
1046925
1264120
26107946
2206452
5372266
1488175
1910075
3031416
4274473
1962123
1168487
1013544
1947469
3335552
1126264
4036664
1580343
1467764
1606284
1200514
3923282
3320927
4323894
2266126
1018479
3031408
1145983
6802231
1219153
2184558
20382246
4850206
6982065
25948846
26637642
2980191
5936454
4899011
4209092
1222680
1097816
26360519
1619402
1258215
1858193
4201717
6963091
3184787
2010621
1429282
1025421
1077416
4844804
3923500
2108545
1444642
24529805
1739901
3831469
1861237
1001871
1092382
1720487
5382780
6858386
3465754
1129366
4589676
1007554
26345618
1053093
3519850
1098500
1150256
1209140
2148046
2300596
3315897
1172926
6105683
