26672441
26387640
26687647
26680436
20470917
26461519
26679036
26580165
26389520
1227844
1924318
4238144
25913413
26702586
26602109
26638269
1006884
26235467
26613060
3376635
26631903
25870967
26593188
20470916
25900305
25871638
24884999
26394204
20499677
14267490
4246151
5914563
26593509
26369001
1288925
20267987
26281415
26421209
5411583
25774772
20470913
25939157
3889682
25958461
26634871
26646314
1415311
26681993
20516653
1075538
11588627
25797851
26684007
26611270
25807523
25852665
20470914
4189446
4016036
20445430
4891219
3374562
1460123
26630973
25776456
5320662
20504503
25827812
26411821
4911161
26421278
4917641
26587847
6131589
26265818
26617305
23780875
4174183
25763528
20499673
24849597
25942396
10570587
25852538
25968489
1056968
6902934
24885010
25975888
26582044
26345261
25985699
10529412
24885007
3535331
26390942
25921388
26411829
25849892
10471536
4917571
6826615
25755529
10759773
4121562
2224566
10354317
26411825
26580914
26415836
26313487
6513841
19974860
26314759
5954632
20499702
26707638
25843910
26279028
1674916
11527556
11639625
23780881
10678825
26369033
26276634
20429355
26596235
24704589
25701102
5502946
25774256
4706662
6007919
26658078
25899659
20370460
20390101
4760870
26411826
23116260
25849381
4195722
26583821
26303206
2996680
25828868
5276802
25945805
5914555
25797855
25857506
1433336
6397533
26375107
25724942
25982649
4692016
26612108
26293762
3071714
26443878
1064014
4156058
10533384
3187449
26584275
26392831
26421322
25827271
1850861
26529839
2074851
26677209
5914556
5338233
26645905
2141646
1478525
25829389
26613868
1484084
5910558
26014724
26364021
1917376
25853110
2255336
3062449
25819593
12448866
1822896
25929854
1223612
5333574
3535792
4011282
10481061
25941213
25985738
5940434
26609131
25758219
25923595
7059682
24716250
26266559
26415837
2282081
1057601
26697805
10867081
6878068
25751865
4857026
11594188
26436202
1080687
20549889
25861937
1384094
3884424
5333049
19930175
10560187
26320756
26258470
1916929
19955049
23780878
11627774
26367556
25032919
26422178
3430616
11537640
3070464
25810830
3829038
26661550
1522021
6929139
10574712
26584283
26640373
1388206
26641315
26325615
5972443
19894041
4780211
25767395
24854685
25891891
6000642
26611159
2057529
26287325
1070685
25783152
25906085
25959963
26356794
24673067
4867036
3121551
6972440
24522588
1421803
19955048
5269241
20470901
5299316
6509796
10602305
25815344
6265143
1572548
10465998
10566217
26415841
20470506
23780880
25785271
21660842
5362571
6869011
25922419
26372456
20379866
10480691
26142174
7001457
1563556
1706129
5423779
4934505
26598992
1748027
1221278
20272103
1432641
25729410
11507833
2185633
26358205
6127004
1069778
2974903
10864608
2258803
22155952
1490750
25772471
4908871
2158307
3424100
5946541
1060723
10781730
1042250
26561125
6114855
26666025
4204533
25958209
20379785
1228011
10531023
1003155
21372703
26421963
1344584
26281256
26415016
26676253
1457211
1926484
2044609
3802538
25660718
3244013
26115710
2969712
5317052
3115895
24733759
25943103
10766229
24746183
10473282
10727853
10744608
6952773
25843177
3213367
25752972
1465776
25698974
26253659
6967739
26639389
25891887
10795243
26576601
6871026
25930692
3410797
25797287
25786083
3136744
26369018
24699651
25712323
26582028
26363916
25895186
2121626
1598832
24283396
6878070
25790355
3698039
26470906
20477027
25728467
25780643
6952772
6989974
3431035
7154270
26378913
5281861
25662823
26721320
26446742
20470522
3301838
6309206
26575277
10830940
6520694
25762705
26454651
24733432
26607205
2102128
26386952
24700129
5373055
26284516
26317780
3903011
25986420
3017064
6862134
2058804
10528380
6829759
26632532
25774775
5407463
1007246
20283219
1082586
4703383
26281363
2058527
26685346
4898906
1352993
25881227
3171313
2227749
3998874
25880348
2572184
3920540
4824349
1055518
25891892
1044699
20172515
3615001
19974381
26586368
25799696
1054671
3637530
4246990
