26701097
25961497
26426959
26716041
26693323
1315258
10465940
10491608
4240739
1675113
4818174
26427949
26673183
25850080
20516441
11609934
19955808
10538457
26247864
5383582
3649874
3024752
4582324
6965500
3317670
26664803
2054584
25867617
1130424
1794583
1879204
2298352
4160472
20516442
26376114
1078576
4880993
20516973
26268785
25815071
23801770
1394420
6851644
1322852
1799788
1813858
25919893
2193661
4818176
1627415
25834552
25788990
1585474
4760085
3991955
1683352
1159180
3174527
20515277
1023188
1932533
1585313
1041408
6849583
1794589
1195875
3075271
1175792
4582330
1094540
3156440
3012590
1124279
20259369
1019757
26684707
26298381
1014125
5383583
23398904
4907258
1165742
1703644
1269699
26462379
25773766
3267930
1172089
1024385
26689616
1912231
25879499
1033338
1656193
6047667
2111784
3986753
10945286
2292276
1585429
20558377
10355213
5948181
1491063
1030023
1585298
7162591
6714443
5936044
25879485
25745883
10453657
1000786
2080922
1051004
25986157
4071854
1909506
1666568
5333092
4735753
1084239
2980452
1026951
2275706
5253467
24862915
26442143
1433911
1466676
3053148
26382836
19977895
1158114
1776856
1447257
1212354
1499276
1982432
24159866
10742991
1223956
26689534
2133158
10453946
1912232
4275061
20516440
24381788
2334292
2315899
1419710
5951254
10558519
4100966
4915340
1274943
26367330
4987161
1352318
1395738
1876202
25730396
2979310
1585417
24844879
1126875
11610136
4177540
26013545
3101023
21323613
1028925
10558620
6104716
25852878
26284328
1585331
4915357
1998501
1115931
1025380
25790461
4880402
2049995
24879439
1737193
2985087
25891497
1069473
3100418
26067828
1051692
25763384
4820913
4207347
1558973
6432346
2282965
1986109
3622234
3518247
6801667
3248127
2910960
25710932
2158484
2203532
1477164
4215629
26658814
3410747
2114584
25977598
21323611
1725476
3241940
2131180
6827862
3863973
1065796
25976688
1939839
3565544
2133184
11603105
5447930
5944387
6973851
1323778
1172088
3182674
2303133
1024603
1263673
7058987
3222433
5950339
1118575
3002716
5280661
1543879
3032509
22852034
1952769
26632518
2235855
1189106
3465109
3484392
1840006
25844028
25809983
1602900
1003416
3321575
3996301
1722784
1060879
1000628
11577639
1041578
1494422
26280842
1084220
3823019
20423302
1775178
4932571
3045497
1424993
4022324
23134221
5416358
4841705
2052462
25981470
1084675
5343677
3547250
4108772
1053810
4988529
1492370
3527818
4246950
25931640
1585406
6437814
1185708
1489476
25849056
1272112
3930300
10757622
20559220
3547256
1513372
25878743
1659226
6068066
4036664
2985086
1410358
3325488
3120900
3087627
1142264
24324967
1585283
2264832
2250803
6851607
1521478
24816266
1416621
5938996
25952620
1832239
24845889
25704390
10436620
1018560
10769845
5336363
2916548
25746398
1215301
23065661
25879096
5406894
1761526
4081990
22005578
3496604
6712592
1210427
2102009
2156564
1044728
1551797
3115470
4230109
6559622
1395447
3720618
4022089
3036958
24716181
6807746
5367710
3100419
6558061
3748442
3054862
4903263
21323615
24296073
25854089
1259215
2092324
1071506
24753399
2216222
21323936
3209535
4226070
1029238
3240064
2178125
1275619
2327236
4121263
25880037
1024249
4120645
26292969
3653550
6265283
25662141
2972146
25966012
1062952
1142253
1142254
6067987
6880078
26306572
10826522
4221276
1177674
26264917
24899518
11583442
24703811
3047574
25915724
1585442
1279081
7058909
3422732
26304349
1037214
2182572
2093198
6862707
6558035
1075656
1087207
25787572
1820992
1838630
1023825
3446692
3084590
5958111
5393685
26592799
10565594
1158732
3563516
24874973
1011410
2997878
1058764
10543280
4915364
1665243
2347449
20442103
1759352
2130564
3772019
10567137
1313754
2567280
4136286
1070154
4049905
3084387
1474597
3405772
2075177
5355360
1979559
26645287
2996578
1844087
1473276
1142258
6809886
1017454
4176978
1684700
4238227
4068131
1199485
1891848
11599386
2975607
3531784
26265113
2086648
1585381
2875600
25844838
2814566
25790620
1063170
1837269
25017304
1679205
2186647
11530695
1727715
26378981
6345194
1585421
2282094
1019381
2989258
6837534
10536058
1092855
3244976
25805005
4940912
1602889
1176159
1485316
6025576
3175174
4161639
24733939
7061074
3479401
1178203
1441118
25813828
25778882
1142256
10732001
24841279
10758685
4816515
4323321
2308621
20401264
3263536
2133990
