26648636
4175473
2971446
26732446
1718386
21352126
25785758
25846260
3785179
25905798
20435586
3786697
1469544
6531656
2025999
25786881
3111691
6511015
2213684
21319773
26341728
3095638
26361255
25904568
4185145
2222551
1394433
26393035
26415515
5299409
24844166
26253107
26244193
26275273
26576353
24759683
1822923
26469498
25764905
26275998
26281913
20434415
6794149
25969607
2285572
10786074
4724472
26262691
5960401
11632290
25891017
26596316
25905799
10515109
4734919
3292972
6870077
24748969
25904569
26430603
3229488
3276262
26375993
25864243
1469429
25881120
4313949
3996036
1860523
3392301
25872474
26066755
4280489
10461951
25913211
3887847
1559296
26305281
2039755
26417045
7056649
24845078
25850925
25835407
26331286
26652845
26289485
11621533
26599668
26326016
4025916
1983031
25890347
3037790
26374924
26050581
4204555
4920005
26393038
25815782
26326643
25786539
3215305
26602030
2918236
6730371
12434051
26314416
11535043
26430605
3567802
4197229
26375191
26328551
3271283
4018261
25969562
26373436
26604621
25730073
26577449
3286232
1069210
1033950
6896252
25768851
1999983
25734788
10540821
25825210
24722056
24522696
24734310
10601616
6730832
3334382
25719303
10466069
21357010
26284257
2020973
20416178
26604612
26631569
25734190
21317958
25795071
24531040
25975616
2994915
26184124
25929945
25835451
1919644
2073249
24695573
25849463
3213367
6870500
26220310
25797836
6012747
2056020
25733858
26274334
4915855
24872384
26286079
25890348
26431315
25982337
1904430
6998404
4839312
20502375
26324163
25739918
25854114
1993189
2074155
2265873
26021987
25913844
4186113
6845422
1420524
10577874
2107816
25854710
25982808
25799536
3984843
24383311
3792781
2269576
3591732
25944558
10733891
4866984
24733429
25768852
3612285
24741482
26359115
20499500
20435404
26413654
25776193
3789612
25799537
1916248
10946146
4272635
5501670
5354510
4711400
24719540
26393197
26325775
25791133
1082404
26653637
6969566
3059294
4175673
25756908
4282178
26427900
25775310
3881584
2995586
25982820
20499504
2125338
4186109
2081058
21349024
20473206
20509118
4711376
1844449
20499503
26326019
26596756
26362168
1334600
10571368
3568838
3176836
26414052
25751126
4197236
2135149
26415518
25708915
24748306
4181046
2222148
26599868
1329941
6151925
25932436
1439216
6069049
6872412
26613520
3105646
26306433
2994917
1949011
1194024
26582509
3128662
3879475
2265908
4300795
26582520
3438578
3230783
3399073
4108541
4838184
3223666
2078991
11576713
4004514
10440426
25777886
3769098
2081078
5333471
5269248
3764960
6849954
25713721
3582400
25759018
4757781
10774847
10810962
25982816
5299277
11637842
2086633
4893632
3764958
2143785
6193547
3286183
1924373
26356894
6932723
3279282
25917764
3410948
4927458
20425533
21317888
26435194
1860529
3706295
25811418
25785392
2296157
26361518
2242254
4844097
25726546
1860532
3004141
25778110
6856218
3765748
25969632
19958072
25843445
5269109
2241453
3651115
2978823
10482367
24299468
26384540
3906819
3242168
26356893
3609422
3863359
3309854
26415342
10774851
19996371
1751925
21321998
25918470
10429205
2078682
26582517
1349092
1873281
26352856
25921362
25969590
2133200
6870075
3418825
7064719
25854112
5401814
4941613
25759281
25775952
10809499
26394643
26355732
11501757
3817318
1948907
26309572
3585114
11635376
23858351
4151599
21330321
2221561
1999958
1946015
21332574
3770269
26246636
25852800
25987969
26524539
25958413
26356896
2111536
3071150
25775312
25944552
26596321
2269814
1336023
26308130
4174224
24752435
2056544
11593691
4718093
10575530
6557163
10581492
3174844
2056016
3174847
3529269
25985676
10774856
2132092
2995159
21956674
6874566
5972405
26333262
3540122
26325778
20436748
3262837
25977560
11523639
5920248
25944553
3592663
1999792
26604613
21359377
25854711
25900970
10733321
2083826
3139234
1981095
1919635
3568846
5255693
2287652
21356958
5991018
3202664
25871028
21349031
2140183
3441693
10416247
25877678
26295611
5920251
1947668
2374052
2252371
25775308
12449617
25896589
2081082
25846737
26333632
1369551
1956593
3543135
5449211
4908855
1334601
6121106
26284256
21357075
4282177
1981094
3754609
6778589
2222523
4030319
3417300
1864537
4890240
3568857
10786464
2255261
5290976
26371525
4139608
6078030
25975161
25711242
3015357
10743588
10578309
4920164
3568853
1221352
25961654
3568850
1899467
1949179
10463454
3294516
20493493
4149418
4057010
2376986
20425288
20468174
