5243775
26163553
5408886
1220853
26695863
1058131
26290085
24092345
10799082
1021346
1958714
5382213
1087737
20272113
6828176
1089991
1046164
1972412
6974582
2051332
5914480
3043970
1013378
4244859
2189613
25901160
4137173
1182173
1007459
5921785
6712293
2335844
2015368
5314887
6557288
2382899
1429642
1131736
10617312
2339892
3000660
26361652
1085935
2341113
4244804
4748753
1923472
4906492
3164123
1728725
4100680
10568233
3027464
6736909
5353235
4827219
10533992
26374572
11525290
1962687
5976544
3265599
5917261
25912159
3932811
4772958
24325274
26335181
19952930
3291970
25850045
10593804
1692957
1949744
25829645
1949390
1141543
24698948
4191818
26396020
25779081
23774479
3605924
4772962
4772963
1069660
2031890
10550974
3107581
3027457
26421264
26606338
25837660
4904709
10862869
1161117
1511636
1028620
1088630
2045899
4932772
1160483
25885180
3060535
21324988
24708136
1011772
1139730
26634824
1928404
3292060
1776987
1548716
4923147
1045597
25716238
3596432
3351179
6395844
11509654
6801745
2220962
7052101
1951858
4137182
10606457
5281775
26415028
21966354
25848496
2344068
2055164
1029513
4875704
25827244
11502344
24738759
2171619
21966340
6998907
1831305
24700151
1018101
26376773
1417775
3273009
1488504
1059234
20504695
1082262
26425918
20471994
26293878
1088307
26022678
5029372
3393534
2075831
25733327
6861158
25741323
2151543
3265723
1253945
4805559
3611560
3898010
5377571
3725211
1006415
25744585
20272283
3195672
3591151
26360411
2678794
2280169
3361807
3273615
4149140
5377802
4724794
4119096
10528799
3167333
1083161
26657159
1012107
1217868
4891851
1524751
1041539
1024363
1024449
24852525
25723410
1057505
1320298
1084669
2991567
4722403
1104482
4888391
1425600
4888394
1011543
4188908
4060807
11500071
26393909
1227019
5171466
1221057
3812826
3425317
2202515
2192832
2160066
25733498
10480740
11519248
1047898
4931687
2220884
1763719
24863153
10739338
24750334
1022739
4772955
1043145
1511148
25885281
4932765
4708522
3695838
3813177
6730344
26379036
4827216
1831286
5363185
4882545
1092275
20390865
1510781
3234327
2381849
4904712
6023966
26278216
2970855
3143090
1799839
6711979
1491324
1943800
4873375
2005378
10462473
2253867
4250796
3421226
1426922
5353234
10508677
1071320
26414669
1453541
10441758
1100653
1146003
1061925
6097266
1281186
25841321
25749745
6391789
1038702
1207859
25853790
3129355
1867373
1439848
3881796
2074109
1963544
26272155
3145649
1965143
1008424
25747830
21966329
5432474
26393812
5412790
1081939
2238680
1124536
1758637
4264573
25903030
1449808
10827537
3364286
3092890
1062393
4001189
1951540
5046242
2182465
4840245
1776155
2052897
6797883
1690609
10572949
11614505
23860441
1951539
24743016
20495141
4929899
3669234
4888409
4888390
3715571
2062546
5360109
1143656
3078952
3697960
3096342
3692842
3272812
3198691
6966083
1036279
3340424
1700875
26286602
4895204
1004255
1763215
2133035
2978701
25722049
26682333
2244873
1035275
4232211
26260918
4277150
3587054
1012751
1425749
1223685
6729591
1159375
1908206
26415832
3193626
25984057
2057344
1022470
11612179
26576890
26423273
3034092
4200519
26013554
1009142
26419787
4214161
6975198
1002882
1425875
10767880
6905285
1022955
10801092
25801087
4821399
6428457
10553922
3519482
2287680
25759632
1106392
4231573
4143531
2189882
1508545
6509802
1871076
3906455
3183714
10468108
10463346
4752825
1013223
24700122
11026572
2007962
5979015
3037838
2995587
1534187
5993545
25779423
3292986
3996306
1289999
3716052
1312118
1088618
1414932
6871987
4789777
3324950
26639045
6307568
26588520
4584190
1861934
2178956
20282470
25746586
3376705
1023812
3537202
2246900
22704028
1098167
10548089
4922097
1778819
10344802
10781117
6078732
2996396
4191840
20414729
1169986
1545049
26418378
3423489
3773298
25779858
1837570
5957202
4229368
2382330
5380973
4859013
3583543
2329852
3316877
1931531
24721697
1022886
26377513
26369157
1930240
3918470
4022712
4928906
3016264
6828177
1453952
1159082
1083994
1093547
3036636
1917725
25853919
4039354
1467542
26271908
3111423
2052113
1015857
4836453
1147769
25788111
3574119
1070826
3698064
3793874
3881793
3258094
4035744
10809138
2326488
25727127
24863148
26415529
26176357
1946101
2977274
1042075
3972722
2077671
6090505
5362015
1101433
5214779
25795600
1193786
2062547
