26582558
1077528
3225979
1015748
3097539
1534951
6397522
26545443
3869949
1076378
1028268
1400195
1070007
6429781
6558202
26582558
1077528
3225979
1015748
3097539
1534951
6397522
26545443
3869949
1076378
1028268
1400195
1070007
6429781
6558202
26582558
1077528
3225979
1015748
3097539
1534951
6397522
26545443
3869949
1076378
1028268
1400195
1070007
6429781
6558202
26582558
1077528
3225979
1015748
3097539
1534951
6397522
26545443
3869949
1076378
1028268
1400195
1070007
6429781
6558202
26582558
1077528
3225979
1015748
3097539
1534951
6397522
26545443
3869949
1076378
1028268
1400195
1070007
6429781
6558202
26582558
1077528
3225979
1015748
3097539
1534951
6397522
26545443
3869949
1076378
1028268
1400195
1070007
6429781
6558202
26582558
1077528
3225979
1015748
3097539
1534951
6397522
26545443
3869949
1076378
1028268
1400195
1070007
6429781
6558202
26582558
1077528
3225979
1015748
3097539
1534951
6397522
26545443
3869949
1076378
1028268
1400195
1070007
6429781
6558202
26582558
1077528
3225979
1015748
3097539
1534951
6397522
26545443
3869949
1076378
1028268
1400195
1070007
6429781
6558202
26582558
1077528
3225979
1015748
3097539
1534951
6397522
26545443
3869949
1076378
1028268
1400195
1070007
6429781
6558202
1004329
4199738
1075312
1057779
3266533
2009300
3510267
1424797
25725209
1401380
4016689
1074912
1049561
26415805
1463544
1453120
1071405
1019509
1888884
1200301
1024013
1469297
26610965
1907315
1000759
1444574
5360701
1316507
25801129
21424466
1116334
1479806
1013371
1657408
5407284
25712472
1054001
2969080
23166433
1438536
1045056
4251178
7060546
6852164
25747346
10453139
1466882
13221007
1074037
1077174
1961159
1392051
1046202
10733301
26534909
1856985
1333601
25841474
5938326
1072924
4106150
1424705
10508056
25741139
1080389
2229010
1427726
24720398
1052463
2354977
1027251
25858005
1315207
4912723
2251959
6798843
3175471
5942643
25904044
5326352
10753663
1351452
5029370
1019192
1755628
2152822
1920225
25910229
1816714
5379189
1053933
11601311
1018382
1274431
2244333
25766555
4170225
11601988
1980602
25778147
1283521
1142097
1116315
1777342
6848138
1908264
19958278
1067980
1279965
1041513
1009902
1131988
25752421
25712281
1356233
5948271
20385162
26378815
25803380
26426514
2294221
1351824
20434604
1085393
1889476
1658346
25716198
6963831
4846427
5364295
1002931
1069156
2361291
3654030
1255372
1009520
1536540
3330696
1869447
1106296
25788643
2995495
1069634
5406383
1500043
25801722
1067782
4023786
25924340
1076834
1265477
26680563
4821500
25904039
24525181
1340744
1771847
2235832
26303364
1783132
1322161
1019962
3224711
1010615
1046281
6829162
3162050
3078563
1789317
3404325
1512407
1059884
1082792
24843987
26377205
1058112
3397669
1253298
1947565
1029623
1347197
3670610
1015214
6013010
4712504
1986063
1051294
26426623
20413793
1961884
1606419
2974916
1266771
3076056
1062999
2079351
1064220
1168766
26143228
6952016
4251462
24533293
3527545
5431880
1283039
1017935
1004609
1550638
6750729
1022343
3926235
4011309
1881817
1512482
25894643
4818175
3219365
26436284
1451381
3669575
11614290
1391975
1427769
3301339
1799415
1279485
4780042
1031855
1099514
6064503
1079321
1227946
5030436
20285415
3191203
25744506
1055355
4922445
22023093
3986545
4146268
25709037
1044823
4160285
1390096
3404858
5406360
1315264
1046411
1512080
3713242
1905301
5402026
19990581
4151140
1740397
1118786
2299127
10796624
1065015
4152746
1315262
1016301
1005351
1142977
1958299
1427978
1013910
1220271
1050501
25743110
3238324
4820726
1916508
3302792
2364800
1252115
1083055
4184084
1030036
1927078
1276515
3648988
3018208
1254657
1048999
1018912
4147118
4717286
1006531
26298898
1396732
3259293
4716145
1879310
1193107
1440832
1068684
19963289
1018261
