3162991
3410718
26606513
26354318
21267489
25811462
1958685
26417490
4579688
1034067
25697555
6079823
26265303
21363162
10430397
25961497
26662477
26690183
25878880
25774379
1079708
26258977
25977110
25811785
6890903
25762288
3128801
26640091
25872094
24839726
20411692
26390189
26323105
26683667
25873062
26612164
1438539
20487300
26278292
3204645
4218686
26379057
1059969
3175195
1784790
1005915
10465940
25878913
10875947
4011322
10355149
11533606
26236437
1076426
10559288
1675113
26611270
2348880
4818174
3334535
1017818
25849160
25925874
25732578
25852794
26614161
3464436
25894807
6731106
26579115
25962831
3410759
3008781
26649861
26704845
26305944
26668696
24696954
26357297
25928734
10430691
25873852
26022685
22994566
26427579
4710578
1323900
22994564
26358383
1965025
10453633
26683668
1428307
26341609
20516441
25786012
2974194
11609934
1441255
19955808
5333443
26422110
3060741
1450027
25849608
25795535
1042150
2116107
3924546
1138452
25800793
1032498
25696117
3038328
24882996
1400833
6429293
3410762
25891899
2081349
26276406
1002701
26286738
25966753
3649874
19971184
25843055
24878414
3117249
25794692
20277309
24888086
26617116
6800514
4582324
3410761
3196877
3329950
20456359
20375073
6743317
25795774
20279525
20515245
3410760
26664803
11520971
25816167
26523933
10434740
6059208
26693244
24754544
25859276
26593260
10514622
1283330
25940387
1048014
3674485
4154939
25902449
3168709
26286060
1879204
10482772
26286841
1072606
26201588
25912910
2057624
26313596
1974944
1923669
26614175
25912904
25969880
26376114
2382924
26423502
4880993
3464443
1807843
3312323
1799770
26269276
1262797
6522008
26655949
25720155
10582396
25845924
1584977
24747423
3135032
2976519
20270447
3432785
1043562
20516547
1060294
25853524
1153961
25803294
11626392
5386667
1868874
6727670
26382823
26270330
26476894
10532822
3464447
25833287
1165091
23860708
1496315
6402688
1046615
21233389
1813858
26303076
26602765
25919893
3423381
25808224
24733797
26545313
10432340
26359810
26286839
26378537
24232318
20254610
5363491
1627415
25758646
25834552
3267933
25795773
25779054
3567390
1000479
26427578
11603000
2376624
1009164
1531044
25815511
3032665
1455279
1017227
25904562
25718083
3464448
1385584
25958003
26592526
2078883
25752971
2993841
6560417
5353300
25806782
3395066
3995798
25898774
26237246
1257564
6104723
25852352
3174527
20515277
6801518
26287475
19964301
3324151
4238140
1398968
3667850
1037839
3111928
2269273
1423469
3652204
1149662
1086166
2126298
2132639
1051175
24931826
19971268
4852887
25775605
26681847
25852821
3040948
3425531
23756125
2143015
1626948
26434897
4811667
25737728
1036860
5935614
26453142
4884848
24769002
1446300
5341654
1929042
26589358
1316370
24847411
26303616
6393393
10761238
25663104
3906332
2117493
10774780
4249111
1852948
26298633
26285258
1181441
26627818
1124279
20259369
26598410
26184090
5244174
2149449
10485530
25762633
1040631
2193879
1137302
1019757
4713415
11599394
1939289
4121084
3557131
3799372
26612315
1329697
25959132
1031262
26684707
26302333
4602970
1054384
1797637
10773827
1070897
25819931
3908343
20516764
26606510
24738871
1116685
25960243
4191719
3322912
6394943
26351142
1005822
3347961
5316979
25909781
5974157
3225358
23398904
1321727
3156475
2368586
4215068
2135637
10355142
3312621
1079407
4833660
1255097
20280795
25927872
1082063
1860641
26597642
4060877
1835439
2271067
2351061
26462379
26279376
26636792
3267930
3525344
2307531
11445621
1081808
1074732
3830593
1261815
24152639
26344569
1329696
1138909
2102210
4218687
6810402
1032814
25817047
5384913
1119517
1279212
2006110
1047316
1881101
25923258
1064864
1015252
4905941
3132793
1049635
1580498
25883301
1167876
26382933
25943151
6967955
26324820
12011617
1585429
1081391
1915388
1000648
1004789
10445541
3202491
10355213
26268388
26285701
5948181
6772259
25922781
2016141
25816647
2228589
25770908
25798901
3774799
1838182
6714443
10792407
7057439
25859930
1371249
26569631
1937996
2053252
1417123
3661477
5936044
6778880
2377940
11594126
1790711
25827909
11540039
2030638
1046584
26677121
2263161
1485602
1021698
1143334
22366569
3627962
4123514
4846059
25986157
1017014
4177161
1892291
19974410
10481057
19962419
1471649
25908748
1326012
19907200
1678671
25981488
24872421
1792954
1037051
5450194
3116072
2184687
4735753
24298890
6893816
1006435
1962454
5253467
26303182
25696114
2283767
