26686625
26613052
1858513
3162991
4123116
26662689
26314627
20440644
1291204
26593670
25976544
26647742
3410718
26666533
25960141
26374532
25746578
26673156
26603439
26695223
26307399
1003284
26681349
26580056
10607793
1941558
3323633
26594676
26376603
26606513
26584734
2326403
24855915
25756725
26354318
26427575
21267489
3990022
4230237
26667817
25811462
26286364
26589018
26577096
26425832
1115748
1779243
24880341
25876750
10590165
1958685
26417490
10439064
4579688
19962936
26274949
1154707
1034067
5394309
26596713
26451439
26318944
25752592
25697555
25775445
25933206
2223180
3054821
1056461
1949679
26602756
25811516
26628827
4313080
26348734
25934300
25712811
26676586
26674136
4773224
26538428
6079823
4606471
26209381
26640948
11588848
26265303
2212371
6718487
4282084
4151117
21363162
10555535
6313461
20269004
10430397
26411600
11623716
26662477
1007928
3227478
26690183
25799716
26314606
2294993
1040466
1288844
25878880
1082524
1017238
1319910
3544376
10739689
3095037
25774379
25918820
26388428
26646201
25913058
1079708
10587562
25803556
20387173
26258977
2238320
4903265
1995655
26611551
2165063
3682204
4082434
22519910
26371256
26431217
1485597
1092149
25977110
25903198
1933931
25836269
6790599
26411095
7174792
4101013
1063852
25913083
10537640
25811785
1460313
26393693
19963049
5348044
26607254
25751322
1540211
3266617
4213525
10553189
26647363
6890903
25762288
26637112
2275502
1005660
26590933
3128801
5408858
26658022
26640091
3111928
6028977
1507170
25872094
5263615
5341225
2174017
26529262
4238875
25858095
3998734
24839726
6539790
26586579
7061613
1009270
1061029
26688691
20411692
25804649
26251939
3333989
26281097
26102860
4124716
26390189
26420844
26323105
3547099
1029940
25923079
1055088
20516061
5505258
2381950
26670920
10742073
6975925
5323008
4908957
26334503
26293290
26427913
10738211
21361157
25873062
4251473
26612164
25829051
1100783
3990023
1438539
20487300
19912141
26278292
3204645
25961294
11620497
4218686
23708491
1211572
1315258
6718283
26638771
26379057
19975555
24839352
1059969
3175195
19900003
6523085
6959725
3287650
25779213
26337959
1291969
4837333
1850710
1181690
26582987
1784790
1005915
10465940
25878913
26253960
26435482
3065652
3178741
20507377
10875947
1441853
25999982
20382249
4011322
11601218
10426611
1047719
1951547
1485731
5411366
10355149
4898554
26301729
24863442
1372679
25900284
5038752
3463292
4252505
4240739
26706407
5936610
1021856
11533606
6790598
25853069
26236437
1076426
10559288
1675113
7058387
25713815
26684198
25827534
26611270
26417642
3389460
3806309
1436276
3933045
24839456
2282097
2348880
4818174
2382994
26335638
3334535
1515495
24307342
2570168
1127432
6110262
26416437
22506376
10567712
6266302
6012933
10511063
1017818
26298299
25777461
25883054
2247913
20445430
1276767
3908344
1793535
3669671
24872932
6749472
3131814
3129584
1088805
25849160
26469245
20395644
26323411
2052596
25925874
2969420
6879218
26278406
25732578
25919591
4882050
25852794
22542435
1515170
4274472
4746130
26614161
4727293
2295324
3464436
25894807
25768157
10739339
24875976
4165856
2036993
1036446
6731106
19977973
25885237
4837351
4196774
25870783
26579115
1257325
25737866
2249390
4202342
26709596
1963786
5419801
3609269
25962831
3410759
4894977
3008781
26649861
23042516
1851058
6905341
26305944
26409840
1193565
24525262
25728106
4882052
24696954
26576824
1963395
25789478
26674064
1056868
25793459
25756932
1422231
25849701
4149287
25804641
3340939
6509874
10574335
26288803
4909243
1889450
25928292
26284858
1155722
3565628
25928734
25805781
10430691
25873852
26022685
4238217
22994566
1792758
20395651
26427579
1039460
1446959
26424688
1603076
4710578
1320206
1323900
1022914
23781718
5408863
26599282
22994564
1035326
3427962
1068606
26284399
24845006
3898308
26358383
6851608
1965025
10453633
2568091
1067710
25957239
6746174
26683668
4746128
1174671
20441938
3566473
1493147
1428307
1823058
20500583
6902934
6913349
24272636
5378929
26576531
6967829
20516441
24871971
1049361
5980585
26617176
20556231
26275049
25786012
1251839
2974194
20271923
1578504
2364215
1937346
11609934
4214537
5350790
4145428
25943374
1441255
6892422
19955808
26369862
24721654
3711444
6722886
5411174
1968670
4048631
3166511
26365909
24869617
25811057
1009739
26429444
26699138
25735281
5333443
6534870
25808956
25760132
1769765
26422110
2336043
24855421
19935618
26416255
26424608
