1062343
2154960
1083762
3757732
4238162
3136255
10563555
2158684
1201620
1818583
1036787
5404162
2146279
1051524
1159939
20393646
1148843
6538430
20273057
26334507
1465543
1760134
26352569
1072363
10574912
24700640
1068641
6783783
1210726
1083446
6730333
25906499
24383301
1049476
6152975
6126822
1636374
10566787
1191019
1316564
2146277
3673409
1083483
21714777
4173402
2114474
10763919
3320904
1274730
1902852
25751749
1118816
21335414
4941425
23858312
1039237
25882970
1045854
1817641
19963460
1786011
3040515
26374535
1070467
3931477
1045056
11637640
1004063
1024060
1657782
1265440
5960149
1083447
1223891
1065485
26335337
26107472
6813214
4320859
6711398
1123546
1138765
1438426
1017465
1491187
10603708
1825588
3200730
1485684
6535064
4108901
1006581
1035997
6538431
3028929
2380313
3044492
2066292
1488427
2066417
1661334
11517067
1424708
6137092
4704245
1763023
6711408
1767101
22685325
1327345
1068151
6784465
26118434
25857441
3806575
26256868
1008311
10760907
3027515
1925129
1051745
25895962
3100746
3720574
1811561
1328563
1053246
1466231
1642810
1099460
2101439
2072944
1388331
1488426
1971117
1466202
24383316
4743480
1101910
4051532
1024265
1012122
1072213
3675518
1291477
1016247
11444363
1559491
1037991
1242263
1950142
2286504
3583519
1963728
26279801
1366976
19966302
1820614
25866060
2348312
1208899
26411998
10563472
21810821
20444098
1736601
1938191
3272471
1059216
1425185
2005555
3936453
1836025
1101911
1321541
1320521
1063452
1063769
1101912
1459745
6864100
4740126
3074105
2056085
1192728
2227346
1319164
1257029
1807569
6067518
1361962
5338526
5406394
26318777
2055745
1063181
1001095
1120817
1400720
1066490
1999421
1021671
2348558
1392592
1208898
22685932
4880389
2101440
6715675
3044944
3191193
3633490
2379276
25813516
1879354
3201701
25753366
3908179
1642814
1154043
1049193
1210503
1263270
1277738
1996564
3099173
6852590
2365162
2341937
1013493
3176326
4122612
5033213
1361908
1208897
1921079
22685672
1256293
1118817
3063340
1520008
1011359
22685326
1959534
25872220
3253886
1023538
1021413
1781452
1208900
22685934
3286784
1832174
3454404
1548196
3089027
1003092
1898593
3212307
3080219
3701121
3124035
3320142
1362213
3090667
1940538
1013384
1642816
1596321
1059478
