26688605
1786387
26664352
26541801
10945606
5287474
5914587
1017180
26270679
26682111
25942507
4243770
20473412
1894695
3002878
2223180
1031526
5421787
3900987
3223711
4929844
6718487
26411602
1005576
24854628
26598926
5921213
1919072
26596778
26591077
6801742
11589950
5914475
10484709
4899351
25733593
3320425
25928983
26575141
1958120
25876611
25779152
6391212
10603541
25804890
7007666
24541955
26630833
26651382
1038977
26272662
25909355
25807982
7051113
25813579
1083403
3869711
24714655
5360180
25714687
2081341
5348144
1059824
4036180
11589951
26313852
26589080
6851648
10568352
26685458
4822145
3932520
5399425
4238931
1009105
1013638
3127834
6753830
5253757
1435909
2309689
1311874
5302113
3853342
6052860
26437067
22229485
1083444
1011617
26386566
26431332
5415644
21346249
26273310
26256719
20492093
26382598
3735295
4246667
7054652
1318427
2015536
1499783
26022186
25843241
4225644
11510870
26320379
25838364
1473323
3063888
26257896
7051024
25951835
3794450
1913066
20270741
26324886
26253507
20434393
26357206
4851372
1427527
26377140
11601991
26701758
6885274
6999354
1159373
1085646
3043491
1104943
26434651
3631947
25862775
26318341
3622624
1074945
5362909
25790070
4245187
25663953
3419122
2008542
6938350
26655503
3350931
5299847
5408875
2257609
1853323
11632326
26344853
1827578
23780847
4830099
24844990
26422298
6712294
1000900
5914498
5432449
1963552
6509957
3685882
6414998
6843244
24872319
25783682
5439620
21363088
3162179
1963140
26644275
4168140
20492656
26348352
20497858
2005474
1433050
3885056
2282191
6718052
6798414
26383733
25925083
1193831
25764520
2364723
24738300
1031207
5311622
25742292
1484542
3808887
24738953
3795574
4796746
24875857
3991799
4216944
5300079
25908095
25958166
3827035
26355331
20413922
24529199
25879618
1830146
25744409
3837306
4912165
2249558
1396702
25663745
26263689
26371405
1852664
1101267
25934013
7065290
6431621
24523626
4200631
2294740
26348488
5301299
3035175
1481803
1396512
26371123
5411116
26582553
7015176
1843185
24841121
24844993
26632967
26324467
26579377
24749380
3572716
5360659
3396111
5423082
10809140
25659812
2349831
4100407
1082364
1187279
1070175
25790123
1917628
1460235
4195531
25743117
1014964
1454371
26416973
24720279
22226818
26356045
5977133
26435872
3373894
6430968
20507211
2180422
6730341
26361762
3192038
1033488
10516877
3744558
1013916
26108557
1843100
4860462
11504764
25839089
3069880
6548683
6082116
11613790
3625123
1431653
1006203
10508586
26253775
1093507
6851214
2146670
1022541
1440592
17472121
1077497
1312095
1063572
6536592
2284487
20366340
5043325
1839790
2324366
2124330
1170936
26584022
6819534
1475469
25863878
1187241
4312608
3717165
4280621
2065100
1083685
6558345
25887120
26354705
26661710
1843327
5940650
3078957
1101268
1098941
1361766
1195807
1082734
25872767
1015540
25775887
1068884
1215642
1454583
3376907
3259323
25960651
4244699
4851816
1048851
10428900
1961913
1109066
3574895
1420801
4731423
26393727
25841481
1024932
1479072
3682746
3793884
26314393
1053420
4223249
5922119
10531533
25996807
25727435
3038329
2051004
3685204
1041003
1971209
1289157
6742758
10469535
3361791
26437226
3822268
3283973
24720352
25809418
5500944
1283528
3667896
26579629
10456111
6536667
19966132
1283113
3271015
22492088
20492199
1805443
2014130
6790576
1017103
4721726
1755278
25762445
25964079
20260646
10570590
14336944
26647326
10508587
4830460
2063029
25859646
25957010
1780542
25913009
3129738
25752502
5385350
10571273
24700116
1083125
25838178
25896881
1082724
3993065
26579684
26426031
25926762
6811698
26698429
3063835
6830066
1179603
21458680
4926117
24718711
3065982
25843871
25837689
26437230
4020863
1042737
6530484
10772650
6800945
7067578
26363025
1477425
10733001
3146570
10484469
11614301
2364619
4008885
1151152
1329553
5290524
3300588
1272879
11538549
2272174
25971733
6520741
5412790
4988236
25756743
25733106
3423258
1479355
20486827
1049727
23820914
25794720
3036132
1319369
6960549
5323574
24863461
1781918
10453866
5482329
3800886
3669688
3130904
6321565
3655383
26303774
6990284
1799166
10546139
1227751
26662817
25767577
4934530
1209080
1082768
6713031
1129051
1988470
25846810
3865371
4232132
1084115
6047919
1392463
1044776
25712815
25808614
1067527
1691984
1320173
5408880
3249259
10750456
6511269
3576560
1950526
6878784
24530309
5297292
