5403007
1227838
2382705
3103080
26262056
1915536
4746554
11505945
11505946
6088152
1440089
6511745
6017133
5264089
25725062
25730234
11505942
26354175
26107591
25892731
1069071
1902593
5403006
25765884
10562386
1902601
1425086
4894562
1058943
2311695
3014715
1062508
1003420
2359688
25720730
6727877
1808767
6017111
6385455
2278790
2081758
1961690
10774185
4289265
10522600
10569615
1459494
11639610
2034998
2342023
2137700
2263931
1924450
1983931
2229412
1947159
2078083
3133952
2057508
6855851
6998803
2157753
5915714
26613053
24847840
20496074
10618254
20427058
10831436
25886511
2297693
26613054
11533225
10437170
6067966
23752074
25886508
4159400
2298304
22488337
3016869
20324029
3662820
20401142
6744663
1822769
20254538
20279510
1824419
10727622
20436041
10438555
2404966
10353909
10781918
1927935
1705779
3866772
