5317075
26711266
25933841
26653462
4749115
25911928
1343089
1794844
1878708
2034893
4067778
25711205
19963130
3072831
1341035
2004425
6894790
1471391
11516390
25957452
25869497
1310164
6732077
1340986
1351681
6946596
2144525
1764585
1334135
10436476
1786159
1781154
1023066
25871783
1366166
6967521
3288165
1334718
3163506
1685483
1794333
3137902
3717787
3915900
25902880
1471769
25694038
1359869
3193736
2006017
1376253
1874386
10434346
1374800
24696882
1859989
5988773
10567104
1353347
20501714
1346976
22224910
2080423
2145914
1347331
4028117
1948761
1052739
25737739
1774988
11599976
1790455
3768950
1340681
1417912
2144506
20513993
6546905
4823348
10541514
1335282
3649786
4265552
1352705
1995171
20266796
2325688
1332427
4772148
3789425
1367247
1773916
1352908
1773917
1379638
3162164
3134769
1368639
2207209
3033951
11622001
5264527
2062396
1946848
10564854
2269193
3719444
4785052
2182969
2057274
6776632
3179243
4887520
3113046
1471723
5942568
1369135
1393477
1370084
2567688
1861911
1388173
1389197
1773925
1090014
1773924
1773921
1773927
3789647
24736152
2848848
