2284311
1292409
3261600
1045818
6152040
6425061
1071227
1004821
2060491
1277981
2283920
25978763
1201821
1015748
1292412
1216737
2359052
1036541
1012307
1008189
1783111
1005354
1004699
1012032
19964304
4934845
1063852
14439405
17153313
1038292
1116367
1227966
1071023
1400195
3431988
1787729
1045201
1030554
1274953
1041452
25723773
6110110
1657455
1049522
1315184
21570668
4766921
1437687
1095849
1051943
26159020
1089398
1065977
1060531
1079104
1460340
3245212
2051819
2987179
1053009
4903266
10559282
1034259
1500045
2305738
1433192
1123740
10827620
3550249
6073019
1116338
3463292
1076280
3389811
3349509
1398463
19962341
25752408
1034066
1083054
1178535
10345571
25766592
1051659
2111791
25798589
3101425
1393233
1252057
1137244
23774527
25870783
1986050
1005692
10826978
1077833
10608319
3803268
1253974
19965872
1070410
6139564
1233996
2170983
1223897
1070246
3561136
1077196
6520642
5396636
26581735
1809130
5336230
1927487
10449401
1024785
1251839
1034955
4712697
6953288
4323275
6431982
26657199
3874395
1472294
2222359
3069267
1827054
1095500
1275842
3987027
3017125
6799998
4000736
1245533
25928726
1012380
3035631
24716011
2278535
1254278
1255584
3658093
1110656
11160551
24733022
2286854
1778511
2185235
5377278
24882901
1810944
4115323
1039258
5214612
2209114
3072490
1030294
1056867
2045704
25718139
1020296
10435419
1025502
1265785
4202381
1651032
1069576
20395700
1814298
1444025
1077428
1027280
2109239
3111278
1020537
2376313
7051311
6828601
6784964
1009891
25729120
3069173
5937120
6716364
3391999
20284227
1022187
25784280
4197707
1073143
1894184
6719660
1027384
25873059
3552733
25782240
11232671
1053204
25771588
4841504
1915608
3022640
2281398
1073063
1116342
1116325
1017621
1525734
6052799
1884735
1060196
5419233
4190173
1228193
1068301
1223943
1437686
4236619
1050527
1768046
1811507
1074329
1315250
3865451
1010750
1270267
7056695
1069441
1021702
1077237
3241907
1027085
3093431
11626392
1039771
1116326
4313495
1392562
1082468
10485841
1841445
1467300
1228654
1075249
25813166
4202361
6710686
26315851
1074030
1251894
2213965
1054092
26337354
2051548
3283762
1031293
3802470
25906248
1784921
3226085
2019392
1039400
1292314
25821472
1074364
1066774
1136453
26425763
2074583
1949782
1020182
10355298
25836261
1949061
26107897
1245505
1068227
26264205
24699866
23020036
1008757
1315211
2278697
1458716
1257434
3699420
25928725
1232571
26371104
1436758
1443662
3117984
2221112
1315167
1958791
1065051
3111282
1443526
1248122
1721810
1048672
1070872
5990145
1495244
1077568
1002135
1048529
1068872
1652617
1852677
1421310
1267883
4303815
1227223
3624297
1020145
1364822
25716162
1271862
1880079
7163150
1392568
1512490
1998842
1420502
22273149
1393220
1135048
3737103
1462846
1074789
1253835
4908875
1119473
1085534
1444023
1809123
25982699
1027977
6002242
1439792
1059069
1888070
1085518
21716159
1023775
4062211
1071514
25906249
5373892
1085582
4246032
1023088
1226635
1316536
1006920
4231733
2305071
3413840
25733132
4292262
3806060
2338733
3069178
1233480
1049872
2248893
1315260
6848172
1773002
1074458
1626905
1455362
21357072
11597305
6784160
1512933
1052778
1031345
4175477
1245516
3016983
1245531
1052276
2969222
2375835
1086511
25793582
1775813
25712573
25810167
4882100
1002562
5283502
3075468
3765393
3423225
1450985
1259315
1731081
1245537
2283665
1463876
25833480
26644773
2378072
1393386
1490540
26369277
1933952
2997197
1031720
21233495
20172592
1315775
4753726
4044354
3265171
1448961
24529676
1035562
2981380
1077506
1288870
1907590
1074986
1315172
1044426
2256360
1310157
1007492
2213560
1075174
24879961
25670715
25939476
1430203
1079698
19951129
26334505
1073103
1956567
1000144
25827510
3987029
1420509
2122180
26276891
6793611
24701792
23060145
10454001
1050471
25869830
3741492
1077043
2259925
1828272
10764710
2302817
2993412
1471338
1256169
2216279
1265969
1422085
1853165
1267787
3057480
1315215
1032062
1510740
1434524
1048524
2059987
6000089
5376431
1042153
10773549
1420947
2141141
4121039
1047120
10455964
1851383
1311865
1245535
1799735
1272898
1444141
6809635
1066008
1026171
1072932
1228316
6802809
2051674
1048835
1163637
1783734
26327969
4736047
6041445
2004426
3008767
26320437
4218726
2370421
1526790
