26414020
26591906
26680113
26674263
11589032
26662515
24754316
1090043
2326571
26652086
1489555
3426869
26686951
26695285
26284304
26671435
25912734
26578003
3879301
26331014
1461903
1014278
1080370
25829434
5916880
10807374
26437079
10740021
10559304
1016300
6827339
4231381
2022979
19936010
4166819
25963518
3598313
6732193
26334227
4871447
2209098
4874131
26365847
26289739
26043287
26393180
26436743
6782521
25767862
25929667
2331434
5980360
21242062
1791664
5686369
26417674
26696762
23795254
26331660
25934616
4224758
3191328
2062200
20501270
6773643
26320556
26351997
26352002
26599743
25786283
10432334
26325635
26347982
1919201
1049189
3506871
21321839
3606570
1125186
25735699
26347981
26666471
4818929
3268399
20428088
1812439
26580256
2971446
25851002
6531676
1261153
26314932
4038164
10468852
4887524
26255776
26403896
1962929
1469051
24876497
2567919
26335587
1045247
25788727
2283084
6790474
1958227
1458164
26285939
26689237
26596521
10343062
6828611
6120039
24754720
4732378
26590271
1925232
1805988
4238754
25915622
25852441
26393284
1024217
6437880
25846270
1925218
26599744
25789570
2057550
26587749
6139592
26287355
26668816
25803547
2230208
25900190
6792678
26255773
2376306
4115227
25785758
26662343
4252115
26383805
26694382
1886385
4241870
24339872
24714201
3065343
1705507
26148785
5403007
26369208
26148475
10451832
26369876
1596305
10490350
6798506
1227838
26360683
3293231
2004407
3236155
5363651
26422856
26603434
3903387
3016221
3290010
24877203
3561591
26695255
25867688
3290028
21336788
6782520
3727329
3061282
1470158
2243213
1291760
5248371
2048364
4135947
20435586
11527022
26658718
1046172
26413201
3123939
1016523
2700656
3176771
3315824
26579333
10749611
6531656
20504749
26438770
3674353
26579733
3336465
25735703
3584141
2129362
11507897
6087472
11584484
4766047
24882309
4041998
1420368
4197740
2115040
3111691
6437035
2078219
3364858
1049070
26388928
5264447
26423164
26284577
25704797
26323705
25830824
3069729
26686956
2271450
25697705
20501271
20282798
26533562
2699701
26609967
24714636
25913805
20444642
3108829
10876729
2213684
25880334
26700387
24696808
25789595
2300626
6534919
11443061
5245615
3777123
2009825
26599284
26416371
1452923
25736633
26685770
20441778
24877322
26134061
2008972
1915536
1079691
2354969
25904568
3909876
2284090
2048124
26591331
20259330
2347844
10468727
6895313
6722555
10809121
6802392
25839869
3183785
2222551
10788158
1040924
24714136
20394637
1731521
26638471
6712214
26603435
3339861
3412107
26631518
11443660
24531079
3921405
1261471
1051797
25903898
1012203
2028068
6439354
1958872
3284067
5988597
3293232
26352032
11505945
25985785
4087420
5299409
4124855
3710879
11505946
3924481
24524403
5275312
4135618
26569724
26252198
4919608
23751092
1018153
26688708
4218539
4175252
3087896
6730936
1030153
1466696
25870931
21346268
1957045
21335241
2220812
3028009
26393716
10457086
24379854
4166020
10772251
2382707
26275273
6510393
25855719
25792536
25977692
10794265
4136640
25801864
26688096
11613971
2382709
25836449
2969572
2382711
3242857
3033729
3927199
25973609
3218402
26319863
1468493
4833241
1440089
2342840
6823882
6435156
1613372
7001192
26342377
26598281
6393886
1892491
2008976
1464085
26587753
26417443
25747128
1855343
10484442
2277517
6963723
2359687
20434415
10480178
6794149
4159518
6805154
1470159
20394783
1256186
2062430
10786074
26308574
10775030
1886402
4766405
26586120
25921439
26593872
26602955
3778004
3315827
2005545
25908098
1083257
26608334
3816834
10535987
24849600
10451835
7162172
25729773
25744234
3464725
2382710
4172417
5068504
25744235
20444964
25927528
1036067
25758245
25891017
1484300
26365848
5905877
3730731
1796596
26713080
25791940
20389201
20537885
3335951
26636314
6522859
3733114
24863533
26435735
2078225
26522435
7015296
10515109
19906939
5414084
4176973
4734919
3292972
10566532
21346610
3810672
1028780
25985525
26256209
4874245
25783993
25923242
26011722
1326828
1330009
1322328
25904569
3073494
26420915
10828202
1442920
3069478
1958655
1082173
4245264
25807533
3621144
11622713
25977695
2023843
26665553
2281912
1010520
26612679
1361268
1006004
6012075
5938338
6813394
5397152
25924913
10564808
6313955
26375993
25985738
26437076
1469429
2138527
6040895
25923595
26352033
25897996
3340229
26352031
3070952
24524404
3135064
6969185
3439437
26258095
3584719
2703292
25954519
4199686
4837447
