3162991
25960141
26673156
1941558
3323633
26697007
3990022
4230237
5914587
26362040
1779243
10828002
25942507
1154707
5394309
25933206
2223180
25811516
1031526
26548374
25934300
26612460
25858712
6523997
26538428
1444252
6079823
1870268
4606471
6718487
4151117
26285299
10430397
26411600
24854628
25732461
1007928
25799716
26314606
1288844
25878880
1319910
1827702
26388428
25803556
20387173
2238320
2297549
2243615
4723970
1070711
3682204
4082434
4899351
25870860
25903198
25915629
25836269
6790599
26411095
4101013
25870117
19963049
3279105
26433665
4326057
25810506
25779152
10956085
4213525
26647363
26348121
26590933
5408858
3111928
6028977
1507170
5263615
5341225
1052241
26529262
4238875
20505765
3998734
26651382
1326833
11628722
7061613
1009270
26281097
26102860
26272662
5336293
26390189
1018426
25923079
1055088
2157554
25724107
6975925
5323008
4908957
26427913
2363651
25813579
25723658
4251473
3990023
2081341
19912141
3204645
25961294
11620497
26578184
23708491
1315258
6718283
24839352
1059969
26642302
3287650
25965995
1291969
6792322
1440223
26313852
4837333
1850710
3313363
24845883
4736118
26592185
3065652
20507377
26451423
1441853
20382249
1951547
1485731
10355149
6509801
25808226
26242432
24863442
19934344
5936610
25732463
6790598
10559288
7058387
1637486
25827534
26417642
3389460
1436276
24839456
2348880
2382994
3127834
1515495
6753830
10441244
24307342
22506376
6266302
2247913
4736167
1276767
1793535
3853342
1365318
26296679
6749472
1229923
1088805
10557282
20395644
24746256
25925874
6879218
4882050
21338365
1515170
20366457
4746130
1316642
4727293
1393903
26178736
3040870
10739339
4165856
2036993
5376384
19977973
1083444
4837351
1011617
1257325
26535117
25727687
25732459
6905341
5415644
26409840
26662679
3821157
1193565
25728106
1767389
4188345
26674064
25958751
4149287
3340939
26256719
25795270
1889450
20471302
6522698
3889178
25751861
3565628
25852784
22994566
5286675
20395651
4246667
26424688
1603076
26287812
1068606
26284399
1965025
2568091
1067710
25957239
6746174
25723797
4746128
1174671
20441938
3566473
6913349
25761063
2122637
10588290
3169342
20556231
26291110
3338627
20271923
1578504
1937346
4214537
25927569
4145428
1340897
25786645
3711444
6722886
5411174
20270741
4048631
24869617
25811057
26324886
26429444
26357206
6534870
26681349
26424608
25866338
1046946
1450027
25849608
5924289
6751045
6999354
1159373
26247864
5262872
25912807
26640590
2308234
2230545
25839740
1036272
1496360
1177968
1394534
22404951
25881349
25932290
3141528
25862775
1074945
3071208
20365163
6960889
2260454
25861518
3038328
1051370
3215829
6439420
6864391
24753137
23018929
1314262
3717183
3313251
2008542
25812968
25817190
1400833
3908349
3835810
1484018
25736470
22283912
25891899
1041650
3888039
5502934
3223917
20561931
3886044
2281379
20389355
25843910
6889351
2201860
4062254
24719002
3567853
4604592
25966753
1176933
3316828
26594612
26302798
2090395
25859579
26127475
3449304
5245503
2381804
3094355
25850087
10565975
4254666
6064406
25997023
25930050
26653173
11615440
1963552
10561367
21983611
25879430
1089854
5951252
5341100
1903073
26276634
25996636
6843244
1804656
5439620
25769610
5399602
1496384
1052178
26580252
20272116
5906023
24839474
3160549
4243135
6392685
1444563
3162179
5408843
25796556
20456359
1115792
24737655
5355458
6743317
26330748
1814344
6750510
2277314
1603077
24714343
1916758
3786755
26299472
5914791
11524433
26416439
19950884
25760272
3054127
5413067
25716088
2005474
26411916
10550784
25744600
10433731
1082917
2282191
6711905
3399440
6716364
5299789
5290498
6000744
4100551
24845252
4818690
25967777
3335742
1193831
11600001
2364723
6024020
20389595
6990393
1912129
26354262
26529540
3988148
6728876
1493316
7060214
6982049
3778181
4167837
6114392
1418842
25831196
24869729
26275075
3537242
25709161
2363716
6526468
2057864
20513213
1048014
4157944
4886100
1437472
11517171
5942586
24721616
1861189
26366549
25902451
3675797
6968276
3182236
24738953
4909464
26142616
1492433
1217815
4720817
26323699
4893079
5377008
5397784
2160713
3827749
1466932
25755879
25751679
1072606
5300079
2567565
25844633
3624464
2334288
2057624
7154688
1792387
2037101
3824576
26253814
4201552
25810014
6783641
26636451
11619669
10539159
1491830
4009856
4411193
1971713
2382924
26594029
1515812
25746680
1460717
1905122
26265533
1001198
