26264154
26685994
26275572
26309691
26631867
26269845
3610681
1203426
26662811
26053771
26323408
26431631
11584574
26341367
25858680
26258374
26577690
26700416
1015864
26677797
1883245
3339812
1417385
25847717
3597825
26686744
26646633
25818124
26384735
25744944
22163516
25913612
2193876
26591578
2212371
26320427
26576308
3297888
2005705
26671891
1049957
3544376
1351678
26646201
25756955
26309861
1058661
11520757
7916069
1033825
1438816
6440343
26727427
25801080
3843961
10482102
1762527
1026036
1005255
1856285
26640265
26682576
11516338
26615297
1013457
1045352
1417878
1915958
1045365
10354427
1083089
26324803
6975925
25986497
26427098
1437969
2988943
3662216
1949674
5908654
26293322
1002513
1961670
1016529
1401795
25742023
11600479
2032523
26560166
2193879
1021990
25779213
1451270
25908110
7056912
1011754
24845883
26451509
2039292
10877051
1062694
1393724
26660764
25881958
5917662
1089049
1013267
26600684
1212469
4156422
26606420
26664224
5333599
10732771
1085477
1046680
1028201
10796035
6152979
1081144
1040382
4919996
1428154
26323411
1528482
4882050
1736919
26642036
26591589
1143218
3621542
26666876
3684227
1036446
2073345
11597267
1050951
1170801
10485026
6404040
26662118
19981641
1132550
26700348
20425439
26298577
26438711
2775720
21329129
3151603
25850008
1351677
26416411
1255326
5363267
26352279
25775003
1420734
1066663
1162773
1910477
4729502
4820029
10539804
1009739
24738206
6558446
26577699
24855421
1008732
3994721
4299250
2147370
26427100
24872823
1776300
1426852
1875581
3604331
2027666
6006287
4246980
26269851
5311593
26273656
6534894
2995985
2093212
2267630
3124589
1065341
20516447
26607221
25835915
26185913
1770652
1039809
25899957
2364762
25876641
2349498
2973335
25981276
2971949
1104711
4832194
26646528
1768100
2775787
4917220
3873355
7175432
1269972
6784965
1038492
3097837
10549793
1862115
6121542
2283762
10774935
20277309
20273136
4833802
1100142
1358447
1076598
1055234
4243288
1108762
1080350
1760094
5941557
1006967
10553838
2052471
24856615
6077699
25760867
1457149
2153299
4836951
4165852
7050907
3755149
1242927
2030606
1732996
2285465
1085567
1921441
1071187
1227920
1265935
25740169
