26309691
3610681
11601199
1203426
11584574
26341367
26258374
1883245
1417385
3597825
25744944
2212371
2005705
3544376
1351678
1058661
11520757
1033825
25801080
3843961
10482102
1762527
1026036
1856285
11516338
1045352
1417878
1045365
10354427
1949674
1002513
1961670
1401795
1021990
25779213
1451270
7056912
1011754
2039292
1393724
25881958
1013267
26606420
25802944
10732771
10796035
1081144
1040382
4919996
1428154
1528482
2073345
1170801
19981641
1132550
2775720
1351677
1255326
5363267
1420734
1910477
4820029
10539804
1009739
25735281
6558446
3994721
4299250
2147370
1776300
1426852
1875581
2027666
5311593
6534894
3124589
26667440
1770652
1039809
2349498
1104711
2775787
4917220
3873355
6784965
3097837
1862115
6121542
1358447
1076598
4243288
1108762
2028727
1760094
5941557
1877096
1006967
10553838
2052471
24856615
6077699
3755149
2030606
1732996
1921441
26022052
26183860
1248549
5399267
11517079
1017340
1015104
24704604
1030699
1878495
3993392
3081341
1322081
1291210
1035258
3824576
1276297
19975143
1908517
25800339
6712512
3993390
3218229
6534893
1507657
26022054
11597326
1049464
5302695
3787127
1005619
1949585
1039020
6004479
1394420
1083883
5340523
1066538
3003460
1794267
1012560
1044446
1462101
1122765
25783206
3003470
1045566
6395218
3993396
1053493
3894895
6900570
1543917
24760962
1838327
25708075
2341188
26270255
1021809
25769156
19975139
26366654
1966573
1009706
1007577
6528558
26342533
20273219
1810785
2226332
6005441
1223808
1840702
10752087
5407722
1932278
10553398
1146536
1014173
7001042
25809959
1081778
25818901
1626882
10604785
1062971
1802061
4881509
5403733
3521094
1409305
1015144
1110159
26246660
3598040
1988066
1874796
2155417
4909052
2382393
3843962
1545936
3183666
1078783
6808345
1019009
19935542
1292431
1027880
1161592
1397799
3073062
26403761
1008023
1368387
1056657
3533516
3664221
1000855
1985973
5403734
25793097
1040681
2034127
2235829
2995251
6435101
3201442
1092512
4896169
1038291
2005704
4842455
1826982
3197635
3191334
2015109
1023050
1027917
1067976
1027587
1011513
1773575
1012171
2264927
2365379
1079309
1326768
1029812
1045314
4821760
3993381
1015541
25718752
2150813
1891441
6758294
5921587
5288492
4845157
1030882
3899534
1958312
1780032
3907946
1137147
1203523
2139684
3803387
3423150
6518258
6982502
5914507
3056096
26691119
1007590
1045323
1517841
1749074
26643953
6745128
25942457
24882339
1762644
1075284
3074806
1023951
1536620
1432054
1084379
4841292
1857104
1027525
2308036
1194027
2149452
1039315
1063502
1073752
2049360
3333020
2984029
1949905
1976204
2149447
5501109
1002025
2123591
1975992
4188010
4243304
25711997
26428573
5058551
3403514
25716112
26606904
2058707
1923498
1483870
26658224
26171398
1053846
3107941
5258411
1891556
1050658
1785534
10748950
1228065
25712806
2377233
26107442
4146758
1036823
20273216
1324155
3753462
2982257
1780800
1961661
1016973
2340051
3992177
1291303
26309078
1833394
19967515
1119305
3993393
1880451
1524605
6785967
6047973
6121523
1039878
4243306
25858598
5997517
1003584
2071209
3826303
3993378
3423141
2349189
3650184
5421005
6875596
1054581
2129324
4742500
2382861
19957690
1200599
1017170
4028221
25984146
4773104
5403726
3156447
26275163
3101061
20406775
2310478
1796727
3519668
6808346
1547110
3182750
4023808
4030662
3205286
10480114
1033327
1202681
3993386
1410360
6984954
1556074
1074088
2115287
4133113
3830487
3794113
4736008
3859941
2133034
2031262
4150303
1010286
1960235
1891934
1777465
6105331
1024423
1527374
5938984
6007927
1037448
1162576
3222416
2224962
2342839
25791327
7065325
2261458
4248335
1543906
1077474
1013496
25750202
2979274
4265996
2377227
7068116
6394566
6738680
26220270
1137748
5366448
1437942
3032922
1065258
5938988
4822596
3993399
1290294
1021526
1023735
2028082
1069011
3539936
1892000
1398079
1059828
1223811
1095648
3012244
1490397
3888470
26292871
1046813
25901873
24743202
1084347
3118263
1850515
25754547
4851555
1065486
1891562
1439022
4209091
1714304
6827842
1876129
5363547
20373422
2117623
26602896
1122884
7059696
1545948
3746931
6440458
1322220
25778148
1546037
1055340
2247259
19996003
2342187
1875192
1952696
1071435
1685356
5258703
20429214
1064536
1273700
2337142
1188281
1137747
1459275
1065127
