26647727
25752955
26647621
21460732
20473089
6434543
7060186
25825717
11498200
26314932
10561209
11498199
4898551
3920144
6549536
2297706
10473576
3143603
2336093
3364858
6952187
25829053
1868623
26430284
25885617
25982407
7063845
26279028
4202300
6861465
2298769
4098006
26602859
10762477
25832600
2972547
4737478
25801864
1869711
5950097
1421975
6793166
26428327
4887589
11632754
3866397
24852489
4199431
20927775
24383185
4320805
4262654
1812215
6802423
4199677
24815957
2359523
1794287
4895136
6556837
26428325
24283497
1422079
4709375
25885612
25797068
24861187
6732546
6719081
24846465
10594728
25814409
1370144
1930701
4714517
1858730
3025613
4818166
25737796
3279031
5940450
26428326
1438738
4059760
2043242
25971672
5406471
3189744
4836903
25975329
10760357
3158734
25814398
4866987
1357483
4140431
3837618
3013678
14278377
6985984
1917417
1863010
24358626
25712241
3650125
3908784
3837631
3359233
5290861
1962642
1947653
6758608
3141421
25920329
7058564
10577009
1946063
4195825
24530152
4836904
6723021
4731949
25910747
2584971
25808629
10828384
25732864
2042338
3359121
22992788
26285033
3158757
26383131
2343823
1779132
25808957
26394025
10608451
3812309
1941571
25790817
24873072
2070068
1967817
1349295
10741738
4260525
26337148
3594782
10946146
1357739
2054916
4932789
6799022
10605613
10577536
5275431
26383096
20471985
3182248
6428538
3852439
25779609
6313568
3059294
25900682
24853063
24853056
3082082
6535519
4859791
2325502
26337203
3269344
25908530
4239441
1190746
6756232
1370150
26255858
1464421
24699995
25959853
20496320
25734194
10746268
25842587
25957511
25715214
1482016
3242948
3238578
1811833
25770172
3250054
25915106
25908400
4266725
17706488
4898570
6508612
1821476
3280006
1347681
3841649
3394198
25900680
4064434
6862439
25700107
25900678
1811805
10862173
19949177
4263837
6732543
5275430
25909021
6120621
4869422
2080914
6828271
4152806
26425909
1779224
6890597
26338186
10571358
3143586
3315767
4934551
20516787
20381410
5363315
25813874
5375898
4882007
2268333
11502031
20365337
26351531
10617609
4264565
25845120
25903639
3908880
3908903
25888283
3877063
3678357
20431864
25814541
3908795
11506048
4263876
5364082
26169462
25900083
5243461
21332307
5962076
5314876
2069833
1344965
4628341
1151918
3360555
6999548
20365335
2037955
11587620
2300479
4882343
3314509
6844857
25900679
10583776
6860715
26420565
3213054
10505827
11621557
2257997
1856474
1356855
2140183
2358988
2257996
25743572
25767994
26169482
1980670
2142602
3154633
25985359
25769636
1861809
3786660
25900683
4259377
25889904
6042262
3326230
24858467
19954784
3876528
4885052
3710019
25973266
6110445
2060047
10522821
5999099
6057664
6902842
4828326
10570070
20499290
1363915
10483839
25819304
6724538
5448170
6854991
26374155
3359149
24697440
26345607
2135416
26184134
6963249
1999790
20473080
1370143
23261056
10587802
4746124
11528163
1754448
26169583
4322251
25809102
4140371
3242763
2365418
4827982
3242963
6110442
10758788
1370162
3242966
2257986
25908533
3897701
24530143
2257998
23860680
3275389
3646552
1364597
3568383
1507193
3841014
2154719
3089158
4739489
3656748
6860917
1389027
25841444
10559398
4836874
1760209
2154040
25808632
20381617
25857498
24697787
10439785
24706844
6902142
10767980
25745723
10772870
3215502
4322252
5960288
2977158
6736079
3877124
19929665
10834416
24358660
3243044
25908394
6844553
25762227
24746685
5602871
4093079
1344966
3838030
4887596
3433839
3841002
2282009
3989184
3552588
10594712
26285182
20516786
24754195
25894929
4933305
26598874
1779232
3243036
26324024
5290653
1439750
5347698
7916250
24861179
20497379
1098727
3291518
6105511
4009505
3276278
1889764
2037956
26337590
10553719
20431974
26437208
24702067
24861178
2997267
1370161
21356161
26413368
25748125
26390911
25775958
26362974
25908389
3987762
1363192
3092159
20390142
11532834
4004422
3322395
4263836
21328026
1382422
25984572
6719080
6006599
4715387
10618085
3996724
25738088
2356232
25734781
3267430
26336308
24853094
2979817
24870227
7006496
25951062
25966491
2378574
5393734
5300400
24702071
2973934
3063301
25908536
25851904
26342177
26393277
25789169
11625788
24853067
6902806
6536055
2567975
21337009
20469094
25717198
26269867
11586772
6517283
25652031
3219415
2982624
21371565
5406925
3243038
25732865
10578508
3266269
3243043
1971416
24762592
4714432
24747456
1962644
