26598484
25750468
25912076
1063540
26591565
26392829
10797092
1476213
1675478
25938605
2142687
2376486
26710298
25752592
26699680
26583162
4229282
1424420
10472702
20433554
26707804
1076685
1476218
26427101
26315806
25935941
26574388
26269634
26583402
1139065
26678028
1000280
26392466
1060025
3411679
25786160
6797768
25790421
1070147
26431647
26589025
26430798
1916533
1069724
2140283
24876899
1027725
10436418
24316409
5372471
25928984
1438562
24530428
26661517
26022213
10563588
26276879
26271595
10739718
10575976
2567326
3189451
4322040
26674220
4218731
6895949
6860955
26665373
26433682
1009529
26664792
25788989
1450065
24838223
1491537
26387863
4320843
1039126
6984992
3932085
25930094
25918704
1439260
10440415
4827310
26346697
2713409
3432401
10825612
10426968
25659944
26290480
24829939
6798784
5356231
26365770
10538457
11519297
21363236
6856131
25891574
1044979
20282877
3665980
1023084
1772151
26237163
26415843
6735536
4189598
6798785
25879507
2128063
1253538
26703200
3104580
26666012
1374626
10452103
3923369
1274491
5447147
25797903
3824518
7058037
1334117
26368340
4248275
25795816
25983635
3441334
25904820
21765922
10439652
3921409
24396667
26262132
2972893
3055477
25757654
6060491
5416832
21323619
1080594
4210829
1072260
25742184
26253243
25498796
11232882
25972717
24746510
1957796
1899764
3518433
26287864
25708362
1289247
11629131
26430399
26568375
5914497
2284985
2057348
1044347
26285254
1951495
1776851
4160794
1180952
26593842
1005047
25789370
26617662
26314773
3662567
10454489
1060104
24872349
1437607
10532831
25953659
10506693
1283178
25785609
26652938
26336549
10834107
4882116
5385877
20556208
20481426
10786646
24530141
2173201
4139460
25733152
1005885
1823751
25834602
1046117
10509933
1000139
26413582
2976744
6789166
3035113
1808679
11637320
2171187
1280568
3339417
6148964
1009147
26276232
25819947
24298914
20504793
6013381
25887840
26292179
10515051
3127396
1256469
26419784
1937123
10443525
1052968
1160760
3227270
5472426
2190997
1801407
25731990
3701605
26366860
26552794
1005755
1171967
6975218
26380280
6397072
6005441
1038312
1447912
25817579
25901114
1068579
5298465
10453793
24378390
1029464
4220193
23049134
25740281
1349599
11601304
24855510
26338430
10574080
5346140
4249213
1512955
1010668
5288681
1679427
3017954
25894572
26582128
26575906
1010512
5914500
25919635
1077499
6886336
23744088
4044355
23116732
4253493
6895934
25799718
25756940
26639550
1283292
3664305
6081357
26588270
1069301
3397128
5398147
4729631
26574483
1021496
25906968
21304345
6120786
24283817
3924144
20492875
11445599
4745305
1420120
1477774
26364333
5924297
6952213
24878449
1920777
1456000
2156289
25882349
25821518
1447303
25727410
2030113
26613327
26207181
1813875
4204533
4106415
1428133
1347936
24734224
24389790
1794125
2279257
25754647
25997048
1517400
3041817
3923370
1290059
2297156
25881835
1046941
1005655
25963466
26409467
5299857
2984021
2296359
25720332
26356189
1470169
24875057
3358492
2347935
1430444
25807869
2210591
1465795
25839632
1012363
2976504
25772182
3117554
7051208
7058016
4798464
1821224
24840464
26579983
4078479
1057226
25940602
10795189
1575685
3062072
26359819
10877038
1491505
5985553
5328239
10450420
1421479
4882056
6735681
3037210
25774832
6732223
25758684
3100430
2137736
10775944
5288492
10580315
11577064
3661833
21669196
25828767
4738654
25764987
1094964
2184349
2082163
1053741
3251035
1002556
1227902
24696364
3270885
5415463
1071153
3244608
1275318
6133641
2161684
1286969
1010640
20384505
6061768
4747135
26700776
6749875
25773953
21360049
1061847
20282875
10494316
4822151
6863250
26373673
4898541
26577974
24742626
1486082
1334641
10578285
25962560
4843865
20365139
3893957
26355599
26569631
1315804
4290353
1279933
24379836
20381150
10464953
25722072
3206841
1074912
4136529
25798761
26298623
3104574
25956733
1322282
26366098
25962793
3136231
26641032
2154838
1020587
1279934
26665292
3191676
3077812
6827961
2331686
2047854
26394509
26416715
6723530
24697015
10605332
6954443
1181221
1108596
6021087
11520282
1059204
26639522
2979768
24696852
1094161
1908546
5914478
1183711
25913534
10466012
4201707
1628327
3069571
26589990
26422084
3224761
1422735
26383037
26680565
3219301
6439820
25382842
25850412
26436779
4922253
26201490
1274628
1430747
4102183
1799442
7051132
1493085
10560813
4240468
26430501
6516119
1607281
24383034
