25752043
2305237
4199502
1320174
5386194
1953827
2122726
3671502
1062827
24740558
6876925
2188086
1933520
3759690
1100854
1095234
2152330
1101417
1289214
1142324
3234709
1141201
1189694
1927590
7967767
4175515
1689880
3731815
3191980
3777361
3705285
1220624
2341001
1237834
1446684
1315134
1232024
5920114
3904855
5410501
4709380
5447394
25975583
6126339
1229910
25834772
3185221
1911917
1117423
3025910
1933232
1309999
6520380
3691313
24746474
3402701
1918022
1796836
19952190
1392977
22627062
1933517
2701402
3544978
2381079
1225200
5324552
2016015
3215809
1973798
1444749
26376333
4122422
3239483
25902109
7058940
1725154
4166052
3008580
5505050
5291190
6000212
2254984
3227377
1859351
1139562
5325856
1843553
1545408
4916564
25716179
5327384
1689224
2145366
10602568
3039471
1159588
1158895
1229865
5908741
20258520
1224794
3251449
3301529
1085209
1231373
1852457
10742332
21266848
1974138
3729206
1879674
5490956
1652438
6809017
1400504
1128286
3349644
1265586
1101949
1533214
6892015
6717737
2878720
1679603
3655299
1101089
1111005
4031960
3045360
3266039
1239416
3333776
1806994
1918532
4137372
3044231
2123155
1227317
1685106
5259081
1231907
3027253
1843552
1884090
3235768
1614889
3228144
6127789
1124159
2172339
1816921
2328260
10455749
3164449
1311859
5450807
4864934
24858318
1237953
3349547
26333498
1170625
1750851
3795386
3359820
4723036
5253482
5353162
3702300
1091427
1927286
3217207
1246231
3578509
2142558
1136258
1016443
3144273
1326687
1852460
20500661
2704871
2037512
3000788
1109674
1319727
4327225
1914664
1311706
1237418
7050904
1100046
1821923
1224035
1429051
6533831
2139917
4287384
4318891
10743644
6865217
1897063
2016017
1234440
2339839
3062488
1899500
1170108
3151584
10774605
2984294
2052867
1240113
2151941
1237344
1807008
1769498
2987353
2052721
6711098
4201485
1230065
1886383
3186954
2252149
1141182
3743915
1938296
6512298
2874592
1807013
3359582
1238169
1150583
1101407
1453663
3708518
3032282
1834458
1237355
1265275
1237438
5336052
3916055
1217539
1548986
1574018
1218580
1100995
3014402
1225925
1181094
1957460
1152381
3507691
6938342
2329629
1794865
1699861
1843555
1171532
1699703
21266846
1236763
6139420
6730904
5404176
1140934
4130536
2867281
1237640
3283527
20381332
1712379
1687413
2179452
1278043
1813518
1675197
3283963
2184149
1933480
10788445
1240922
4889833
1089474
1700843
20474138
3522845
10520583
1247032
3349418
1237822
11531919
4113215
3522865
6785786
4926084
1414571
10578760
24294361
3863635
1845446
3107156
2112596
1230134
1100849
3266098
1972635
3187429
5414351
5502388
4089785
3879075
