1016300
1059406
3191328
2062200
1926700
1049189
4818929
4038164
6828611
3056892
4920037
2700656
1006881
4920036
1041550
1492431
25745152
1948502
5915713
26415833
6017133
2179956
4119322
1037589
24857335
1449981
26359469
5264089
6811711
25725062
11505942
1006646
2977174
26354175
26637220
25902007
6017131
23217342
25892731
1069071
21792502
1902593
25855964
10732858
4638933
20276083
7174550
4638931
6891410
1902601
1291774
1425086
4894562
1082772
23860409
1185473
20424612
1058943
2311695
3014715
1062508
1027832
1003420
1671453
11505943
6777937
1808767
25862448
21792505
24732341
6017127
1364204
2081758
1961690
4864202
3810989
21241208
1683759
6802260
1690498
2239125
1082845
6772375
1459494
1079171
5411085
2034998
4198794
2342023
2137700
1069911
2263931
1924450
24722730
1983931
2229412
1947159
3133952
2057508
2157753
2239127
5915714
20450685
2239128
7050981
6965586
6428335
10593892
6540981
25910835
3822249
1066681
4050771
7163004
25906803
6851070
5395832
2297693
6077762
1705860
4040834
11583781
1034136
2239124
1052549
5915726
1288529
25778600
2298304
7050982
3016869
10443327
4706709
25848682
10786091
23860406
1806718
25848684
3662820
1002278
1799942
4278409
1082844
6744663
25778297
6808046
1082771
20254538
1068333
6864893
25778303
1290139
25778450
6430237
4846147
2290166
6749782
10511568
25919915
6534797
25778301
10530040
20270242
6976128
10438555
10436662
25778605
20270241
1368360
7564402
24733576
10828523
1254347
25778304
25965902
26428296
10781518
1462590
5323938
25920867
2973013
24530393
24530392
24530391
21365383
10828524
26428285
4920302
24530389
10473660
26433328
6527850
20411257
1420358
3030112
2911748
3102931
5992351
10781564
10786086
10781509
10781502
1036837
10781544
10786112
10828522
3064305
1064922
5381936
5915717
6065570
3726739
3283475
3261701
1334723
