1255625
1789837
1255624
1002299
1789841
1559310
24324704
1044547
3532347
1793132
26383472
1070851
1212893
1076045
1068308
1442037
1789842
1337303
1058956
1212910
5423803
1082582
4832584
1768100
1212908
1667254
3128115
6969074
1052380
1483923
1082271
10466059
3211103
1777678
1212890
1041684
1089517
10466761
4118599
11541374
6969080
1014533
4116115
1442035
1082319
2218216
6969090
4053593
1079887
1212892
1916142
1337302
1055976
4053575
24530426
6525627
1683754
6969088
26423508
6969097
6969098
1212891
6969061
1212909
3018369
3063713
1212894
1011201
4053588
1337292
10488635
25723968
6969096
1908392
1667143
1898836
1123658
25736487
1753082
24714250
1683455
4053574
1137042
1337300
1337296
1436865
1801946
3045285
5979743
1998545
2367883
2321761
1401231
2222181
1920467
1313373
2340004
4041246
1866590
1934535
3348115
1337294
1337314
3300862
1916144
1004128
2141276
1088936
1023366
26416812
5917327
1011004
10464949
2974643
1063624
5984668
1810557
25953725
4016531
3463451
3928205
1088934
4218134
4053585
1004417
1792128
1810556
3854851
1916132
3337295
1088935
1337319
26331518
3080137
5958837
3134100
1920475
10530039
1337318
20473833
1038140
1792130
10542977
1467210
6319402
2033217
2220621
1644010
3032760
1092638
3790213
1924244
4053579
1008043
1703539
1271494
1329963
4053590
1029481
3018361
2150596
1916184
25856622
1916194
3208240
3186992
1925228
4053577
1313521
3300866
3419081
3348124
3186973
19934505
4136496
5301570
1336890
2995824
26307841
3023700
3054794
1337307
1545901
25957039
1316689
26267407
25746620
2326947
1055101
1512919
3348278
4053564
1023564
2040054
1703468
1291811
1012894
4066817
1873612
3348317
1683752
3348134
3072215
3179889
4835660
1792129
1538945
3348221
4053583
1959194
3348129
1958264
3018365
3186972
6756114
3186975
3522681
6938838
1845181
1916128
1933420
1019239
1337305
4053576
3163549
2470695
1834246
1792127
1801947
6938128
1337315
3186988
2992094
1212803
26279711
26368207
4218139
2008174
4148147
1042795
25803464
1974833
2363539
2221302
1801945
26279708
3779338
3348230
6938126
4053578
1337316
3070863
26322283
1022334
1918746
1916155
3186979
1035863
3186981
26279700
1792122
1068475
2220693
3018384
5292845
3186978
3186977
1959193
3186976
3186980
3110578
24861374
3199324
1001634
4227530
3018373
6938133
2365013
3018392
4243592
1172574
3929859
23248425
1916143
1339842
2220692
1330056
3348241
10588929
1916192
2214421
2312817
10606138
1029196
1839432
25961889
1337317
1513028
3061405
3024823
2221299
4025688
1370362
1422278
2192237
1199547
1041712
1340957
1340958
1340847
26279704
2326949
2326951
2326950
1513032
2221300
1677896
1512536
2174000
1052014
1362624
1024015
6938000
5038400
1050405
1363477
3190064
5292844
1511641
2243344
2916095
1511757
1182088
3189587
1512582
3348140
6938134
1948599
1637360
1512210
25661727
1512601
1128032
1938595
3068390
24371515
1171839
25930093
1661409
2212316
1116980
3084836
20385654
2160681
3425251
6541393
1959137
6937987
4012996
2220633
3260087
1283203
1847779
1071645
3997085
3293227
1347707
2272134
1035951
1641035
1362625
1007857
10606407
1065247
1056312
6938132
1029621
1364432
1018019
1005102
1341421
1081601
1014484
1364435
2123804
1038153
1014995
1039718
1042229
1705848
1829201
2263356
1096627
1104142
2221204
10512453
1120306
1916165
4292172
1182089
2029016
4135952
1104144
3018382
1376646
3446898
1110635
2130129
1791864
24740296
2257182
1916188
2221297
21323434
1916124
5944003
2220634
2015791
3040097
1327589
1064362
1370309
1084380
4013056
1958263
1371497
1261322
1363476
1253325
1920194
1916182
1923314
1799679
1015629
2044188
2326948
1916134
1050267
1173273
2221323
1916138
1150631
1916147
1363475
2162995
1104141
1954869
1916160
5940668
1961546
3260081
1104140
3260084
1097089
1104139
2130130
20387697
3260083
3260085
4934271
1105967
4898999
6531729
6938973
10485832
1363526
1104143
1369792
6937999
20409480
20405956
1364185
25894945
