26582558
3719533
5346110
5243775
1261560
1033778
26324497
26314063
3151575
26708119
26163553
25782902
3000997
5408886
24851460
25844463
20366370
1970428
1220853
26695863
1058131
25926542
26290085
1095634
24092345
10799082
4953707
3225979
3719531
1055258
1028842
6854525
2081876
1021346
1958714
4012143
5382213
25902226
3097539
26362997
1087737
26659659
10733032
25747852
5297291
3891900
25947310
3025921
5939751
25908079
2380307
26400900
1919072
20272113
1473250
6828176
1089991
3648316
26237302
10773362
3055719
1867642
1046164
23760469
4249967
3869949
26312259
10485011
25717107
2304817
1972412
4203984
26637801
6974582
2051332
1443196
2983683
10572016
10510736
11530078
3224929
1004118
5914480
2111085
3043970
11530079
26032227
25890247
10544307
1013378
1780208
1438147
11626951
25882350
4244859
10441759
2189613
25927672
25823036
25901160
1588297
6519055
4137173
1082593
1182173
1007459
26658379
6428387
5921785
2005726
2048893
6712293
26388291
3427304
4894568
10765392
6743298
26698020
2335844
1137246
2015368
25719688
1224624
5314887
4208757
6557288
2382899
26327897
1429642
21325515
1131736
10617312
26376865
10439662
2339892
3725829
3000660
26361652
5346017
1085935
26582822
25843334
26297606
2341113
6967535
4244804
6556332
1910216
4010197
4748753
25893995
3413365
1923472
4906492
24700123
3164123
3558787
4894684
1728725
25758308
4100680
10568233
25831015
10826987
3027464
1873802
1429901
21371574
6736909
5353235
26692468
4827219
3313327
25767203
10533992
11632329
1042567
26374572
11525290
26415468
1211972
1962687
26220124
25751995
5976544
25742411
1057378
25800850
3265599
26022186
5917261
25912159
3932811
4772958
24325274
10785583
26335181
2791877
19952930
1166000
25842521
26590267
26390229
19977078
26319391
20434393
3291970
26695437
1157539
4010186
25850045
10593804
5271687
2131777
6556296
6720539
1692957
25875806
1949744
4238939
25829645
3434087
1949390
1141543
24696672
26318341
7051700
3233988
1467393
2155342
6827453
24698948
26541801
10741914
4217139
26342274
3845101
1193621
21964791
3184668
4191818
20016695
21331443
26396020
2996034
5946317
20419190
1149697
2222030
25779081
23774479
6508275
26314075
2139493
6403593
24745480
2006592
2375990
3605924
3797051
25815267
5311625
4772962
3248694
1017213
5432449
4772963
1069660
20036150
26378392
1281898
2031890
10550974
4069561
26214776
1077528
20366369
5447147
3107581
1017180
3782109
4268081
3027457
3315951
26699908
26421264
26285905
20502310
26270679
26362040
5283699
24880341
4199482
3824134
25975503
25837660
4904709
1961160
4012145
25925797
1977206
1431645
10862869
1161117
3836277
3905263
26061406
1511636
1028620
1088630
3276034
10765018
2793153
2045899
3164293
4932772
4193722
1160483
24878818
3776682
2155338
25885180
4139254
1420638
2004704
4882119
2320804
4222014
6913343
6849713
11589947
26697242
25968115
10555456
1874488
3060535
24756948
25760062
4243770
4882102
1031634
1981355
21324988
4754742
24708136
26650867
4758384
1011772
1139730
25777447
7051898
1394399
20473412
1139881
6438293
3184872
1894695
1072438
26634824
1928404
1082512
25784098
26178426
26637083
19957141
3292060
26643579
4720006
3900987
6827362
1084435
3223711
4929844
24758489
21966353
11619669
25840005
1776987
10796953
26697774
4210756
26022791
24741682
26374036
3248513
26633615
1431776
4075835
4923147
2072159
3291111
4893663
5028568
1197933
25755771
3576486
1837823
1045597
11613937
10745270
1006020
25811092
11641858
25716238
6718487
3596432
2025235
24860407
5998772
3351179
6395844
25913619
11509654
6801745
3598279
2220962
3837280
2031077
7052101
24699632
3776705
1951858
26435630
3235606
5068097
10434287
6516233
24153567
1263734
4137182
3994868
10606457
10734905
26633750
6977935
5281775
5378548
26415028
25878150
21966354
26012652
1547736
25848496
26236677
2284696
5348018
2344068
4139970
24744688
26382594
2055164
4265573
26388011
5385688
1138353
4217138
5921213
25735039
5402682
1626392
4292120
25841314
3265233
25779298
3007108
2985723
26361207
3300884
25854872
1029513
1262816
20386252
4875704
1891639
25827244
10582247
26427108
3242450
3998477
1325507
11502344
6428360
3922162
11589950
24738759
4846213
2171619
21966340
26415165
5914475
10484709
10582265
6998907
6754574
1831305
26612357
1441113
3398336
20451565
24700151
20272111
1018101
25871778
10566136
4062213
26376773
25804908
1484425
7060413
1417775
