1008145
1023045
19958089
1855364
1069848
1078250
2240482
24745649
1061242
1058679
1073349
4912688
11524204
1291211
1001013
1041366
1039079
2988964
1022914
2988970
1052212
1076598
1464989
3227346
3523063
1083090
3132511
1006781
10532815
1039427
4054726
5290402
1070985
25963061
1468602
1935554
4051249
1041483
4051248
5245543
2252179
1012398
1017392
4733014
3011470
1771182
1129683
25961884
25775640
1494940
1831012
1275739
1253312
1431995
3440702
1424665
1059418
1066492
5363937
2050805
6810074
1364902
1011762
2065055
3229568
1067305
1368708
25901809
2283232
1432143
25895169
1054600
1858488
1459527
1318987
10487796
1935587
1003116
3126788
1017165
1083800
1367690
1227846
1426179
1000346
1011250
1039540
1659337
1051895
2076696
3099724
1047469
2146962
2049393
4024401
1044655
3170104
5323556
3025498
1278846
1044185
1436892
1060389
3921921
25807851
1370263
1016163
1364886
1048740
2003234
25961891
1072899
1235718
3780899
1559316
1036762
25961886
2045847
11624635
2020266
2016044
1010335
1678457
1274853
3197075
4279703
1066609
26587101
3027293
1007509
1446606
1292432
1469255
5377609
1083982
1041940
2172410
1215384
2998804
25963507
1214565
4874485
6101392
1709047
25963512
1017043
3024622
10743616
1212494
2020265
2019690
2019689
1373574
4817730
3380463
1825615
1361587
1394830
1052321
3422766
6426286
4833872
1094258
3310526
1208588
2046703
1035846
24699250
1055135
1948933
1428090
1546876
1013227
1063982
1392565
1917107
1946968
4023746
2010409
3119087
1005163
3150141
1260201
1077620
2287895
1094257
1356053
1026071
3310528
1047907
3455254
3310524
3908040
25735154
