26292535
24153048
1263399
24859822
3006581
1827374
1807516
1818347
21371175
25697546
4038615
1903164
24737009
1805514
1731370
1573689
1946658
25986273
1946666
21692860
26687880
24852594
25929085
25844726
2063620
1903152
24535899
2156959
2153467
4160472
25928086
1827376
5260192
2977023
3204692
1377736
3026875
25811656
1063275
1827375
1060595
2968737
2975931
3204694
2268983
26413662
1390034
1215310
26682589
1949182
26689987
3794549
3390170
6528130
1931689
25905706
2968723
3271522
25961788
2382359
25919321
25973215
2063621
25986370
21617613
2282517
2968740
24358966
25859052
26687878
3348423
1381036
26283178
3219390
26586494
10539805
3056603
25877121
4894969
2282513
3591140
2037836
25862274
1946661
2242108
2282515
3243100
3271524
1215315
11026291
4909019
3908322
2133268
25835911
1329959
4112159
2282516
26276929
1215314
3633905
4909018
1215289
26413663
26246928
1920565
25835908
1263425
1794078
2003306
2253027
2282514
3126359
25931852
3865987
3243088
1539028
1215299
26253719
1215284
26297045
2237767
5260194
26118143
3865981
23045981
5395164
1122216
25877118
3007132
1468913
1539025
4171958
3865993
1539024
1539023
1539027
26376888
6540229
5395165
4279819
25983024
1215300
4934556
1573658
2003299
5415450
1215280
1277109
2128027
1462595
1215301
2237777
1859844
3204693
3573346
5254321
2084526
24152754
3007116
1215313
2158236
1539026
1215282
2237756
1381375
3087773
3032042
25731633
1122183
2237782
3075442
1992533
25905266
2295127
4055772
2998494
3095685
1215291
2237764
3326041
4841355
1712865
1826509
1215287
1573657
2084537
4924969
2237763
2154042
2237759
4027212
2055940
1539020
25922768
1215294
1573671
1215327
1573669
3363756
2228592
1215302
1215326
1277104
1215308
1388221
1920671
2003300
1124810
1215305
1456255
1366787
1215293
2003305
2312024
1215307
3007025
1840972
4024516
3007137
1573672
2147259
3007127
3027726
1917050
1933429
3007126
1573659
3007134
1215288
1124091
1573660
3007118
3007135
2119723
1574368
3007149
1122182
1574356
1277107
2003318
1080674
3007150
1277103
1472288
3007117
5043408
1215290
1889575
1927477
1927499
1212070
1573661
2003308
2176381
3007128
1080412
1573697
1761176
3007133
1215281
1277110
2237772
1215286
2074654
3095688
1928894
4841354
1912349
1277111
1574360
1088834
1215285
1927486
1992569
1215324
2056455
2034972
1288000
2003311
3007119
2958508
3006312
1573666
2003320
2228569
3007130
1927475
1123802
2267862
1471995
2037813
1573688
1444596
1573668
1573665
1088833
3007129
26195636
1263331
3670178
2030895
1573700
1574358
1215325
1122614
1453483
2084535
2237755
1215283
1539022
3358512
1277105
1927489
1215309
2055920
1762906
1499508
1877334
11613231
4841353
1397346
2228562
1573667
1573662
4934716
3007115
1277106
1215312
3006315
3007124
1992477
1499509
1573680
1574362
4834154
1120277
3032235
1539029
2228573
1263630
1263439
3006321
1215304
4841360
2989088
3358535
1462598
1539021
1573664
3007120
3007131
1786235
5255772
1958677
2228570
1123717
4934718
1397347
1215507
4841365
5255786
3343061
2996721
1539030
2228577
4239112
3032044
2268417
2267985
1573670
1948798
1462594
2055944
1462597
1438937
2395633
1889577
2326781
1462396
1912384
2268203
2055913
1832873
2268421
2003304
4841369
2037831
2144765
1795186
4865138
2228583
2677042
4841359
2957272
2241772
4841350
4841358
4841351
4841363
4841367
3032176
1215306
4306271
4841368
1939619
3265317
1366784
2003312
2173021
1088835
1277108
10527580
2965719
2326759
1215311
1573699
3007136
5333608
20411424
1549916
2228576
1417786
1215292
3007138
1573663
2037804
5985213
4740604
1573673
2268201
2056462
2674165
1859847
3290785
1948806
1948812
1859846
1948807
1927538
1948805
1948804
1948800
3088808
2961170
1426931
4920078
2040818
1089926
2051600
2268175
3430982
1397348
1927552
4739705
3095687
1790599
5994015
1807560
1939613
1462390
2669999
1018109
1573676
2003314
2660557
2286146
1475372
2084536
3007123
2037821
4841349
2228574
3269392
1462593
1363115
2037828
2119424
1401200
1776717
2656041
1447021
1461802
1534115
2003289
1089924
1574367
2237769
1200759
1900067
3400265
3119139
2268181
1503457
1456250
1997883
2003313
3095679
1089925
1807563
1948816
2268454
6760279
1461806
1089928
1534114
2268176
1957744
2364182
1875729
1901734
