26264154
26414020
26685539
26613052
20427187
6710437
26698598
26278687
26587564
25747921
26658429
20440644
1023045
26685994
3995526
25809269
26698223
26692621
4238362
1054685
26275572
25984204
1863930
26682066
26694904
26647727
26647742
26672581
7060185
25986341
26575812
26648238
1292409
26363926
26692468
3369793
11614503
26672748
26308505
26598484
26646456
1062343
3369600
1088581
1253310
26693418
26272073
25787364
26656779
3261600
26687647
23008971
24749465
26695223
26681333
3071717
26681994
6712255
3813669
4124727
1865089
26390229
4207781
26657573
25961455
10555509
1003284
5414391
6388661
1027191
26696624
26580056
19958089
10607793
26673009
26413835
2250587
5910656
1059336
25920202
1254588
26053771
26372186
1393447
1767945
3014576
20431965
6539859
26426917
1361264
26584734
25952961
5275059
26598945
26171593
1060068
26584286
26677405
19940743
10569855
5317075
26675995
1692648
4187411
11584574
26377363
26599283
26253714
26661075
26639133
26430928
26682087
25846182
6397275
25778837
26461519
26371292
26708712
26606389
26589018
26480625
10522856
21360827
1017839
25697520
1050339
26613906
20463108
26022097
26337198
26325928
21617765
26700526
1209899
4884218
25982254
25917140
25895442
25876750
1015864
26578484
26639786
26679240
26671358
26576518
26580165
5366382
3339812
26701496
1012401
26425651
25944034
3344676
26363718
25753361
4313207
26686234
25847717
4113090
26276409
1449352
4086927
3522695
26416401
26610864
1005358
25858068
3389984
26451439
26318944
26663951
25731506
1794620
26315717
2042063
25928708
23044177
25775445
4729583
3765331
26673941
1056461
1949679
26333850
25900802
26689720
2240482
1227844
26420555
26585057
4714015
5410174
26548374
4313080
26575679
5337243
26348734
3014444
3642673
26609056
25818124
1025723
1830445
1001885
26614208
1924318
20444403
25744944
22163516
6805144
1292412
4773224
1053088
2070844
26538428
10607710
26325605
1033248
26367364
4238144
20425053
1883991
11588848
25639223
1165173
4229282
4881850
25913413
26388373
1061242
3901880
22883503
26581961
25764295
1426971
26584371
4882023
24736458
4151117
1015767
2025235
26318808
26640794
3018339
20280677
1079252
26694553
26577691
26476661
3740431
10565151
1056315
26653460
26636282
3888123
1000121
26319346
26335687
26367370
4714734
26637849
20389202
25897490
26646595
6557925
26314606
2294993
10519369
3297888
1040466
5269439
26602109
1014578
26711266
6558707
1050929
25898124
1016429
1017238
1050465
1010204
1962923
26576605
1035517
26413330
2033081
1398441
1014825
26365963
4886245
26409799
25918820
26321442
26358169
25921293
26266067
26422097
5327690
5336228
1058679
