26680113
11589032
26662515
24754316
26671076
3879301
1461903
25829434
10740021
1016300
4231381
4166819
3598313
1020459
26584371
2209098
26708113
4874131
26653757
4714734
1059406
1026425
26436743
26357479
1529893
26358169
1049219
2331434
5391766
3194071
5686369
1453210
26417674
23795254
25934616
26696581
3191328
2062200
26659614
6902639
6773643
1926700
25786283
1049189
3506871
3394338
4818929
20278327
4038164
1963310
20424609
4887524
1962929
1469051
24876497
2567919
2339950
1958227
25748787
10343062
6828611
4732378
7564736
26590271
20424614
3056892
1024217
1925218
26599744
26287355
7059909
25900190
6800500
25798977
1886385
4241870
5403007
25850737
1596305
3521168
1009160
1065970
1227838
3293231
26694346
26422856
3290010
1029159
1030052
3406518
3009033
26108423
4920037
3061282
1291760
20379760
2382705
5248371
25810166
1034108
3698217
26438798
1016523
2700656
1006881
20504749
3674353
3336465
11507897
6087472
25859657
24882309
4920036
4197740
3364858
1049070
3103080
26043286
1914078
2133556
25697705
10549863
20282798
1007334
6875231
5275500
3108829
3777123
2008972
1915536
6895313
25835907
26592112
3999070
25922761
1863163
20394637
1058234
3921405
25830077
1012203
1958872
1041550
11606760
3284067
4746554
11505945
3279273
4087420
1063245
11505946
26590015
26430432
23751092
1018153
4175252
3087896
26107455
1007559
21335241
20365789
25745152
10508054
3279284
6088152
26335804
3274182
1440089
4706499
6017128
26289077
1733250
6393886
1855343
26639669
25981182
2277517
6963723
26588121
2062430
4766405
3778004
1083257
4172417
3279242
5068504
1036067
23755938
3730731
1796596
26636314
6511745
2317973
7015296
5341084
3810672
25985525
26579379
4874245
3825658
25962890
1936204
1440101
1871471
1006004
1948502
1078809
26258095
3584719
4199677
24868861
1748232
1822793
5300296
6423975
5915713
25866817
2081286
3146656
5918501
5363538
2980812
2360485
10741739
20003684
3795720
1046385
26333046
23834404
1914572
6436639
24720960
6880209
5912249
6436284
4037337
4709375
26295784
10539244
1026674
2032666
3024352
20365794
4856537
26388042
4217504
24744442
3697979
3413211
6423974
26640109
21365989
1087758
3279233
1062326
6560641
6390810
25978020
25808167
6785551
6714861
26417925
4895821
20365791
5413931
24877306
3666600
6751046
24754273
1190868
6017133
25776026
26654066
6791779
4866987
2179956
4119322
25761254
5347340
6403850
5300108
25734788
1036290
1037589
6087863
2973589
1034898
3800892
1449981
3239544
25761385
3091349
6434488
1006073
10789640
4027816
5264089
4243284
26434245
25887930
3335260
3043518
1069628
1432422
20258928
1433700
6758608
25773627
24531040
5259293
3291713
2160037
6390829
4165802
26285755
10537121
4774018
1005115
3770726
5340278
1491325
4324975
25892661
1012802
1437105
3016219
4721737
26208383
1060779
6811711
4128025
3069728
4242146
4269890
25872061
1331571
3177087
6539691
25730234
3816859
2266643
2295079
20413739
19995933
10571359
25716909
5299244
3026449
10739735
4054913
2356641
20276084
10789216
1006646
2977174
4191470
4114025
3610550
25896179
3246230
1021597
1055401
10788510
26415170
2006841
1436348
1194465
25888276
26281381
26292368
6960951
26607934
25872071
26339855
25997403
4885209
2270239
10741738
24754564
1083375
6017131
4138939
20450683
3729756
3594782
20389197
5355304
4906157
26433071
1002073
10679075
2233893
6750490
25837989
5288326
1034479
1914083
10577536
26349424
6802856
3684715
10593894
26673259
25785597
1012747
25880307
4727980
1082821
5341136
3257857
11538355
6751038
20450684
26107591
3336960
4501999
4143274
1088472
5360856
1515701
1069071
25813274
1074841
26266672
1043820
26434373
3188320
1288894
3105385
10487031
6751027
21792502
26258745
3872378
2150989
3373490
1902593
3055252
3360791
4737152
1036753
3822248
1026755
25888277
3825659
5916835
4161848
2149169
19977983
3266335
2998717
4837942
1116758
1043201
5264090
10593893
10732858
1144826
5414146
26545160
26545163
5403006
2302080
3105444
25765884
1033790
2086633
21306303
6751052
1082820
1041111
19974505
6965582
1792307
3278939
25831881
10617450
3246942
4638933
2367546
23289203
25886285
25765899
5912889
4012252
26274254
10548576
24873376
20501183
4255002
1790759
1063138
1682551
10862173
2057037
4880033
1824715
4151174
6390753
5030342
3709462
25813478
5275385
6424142
1494098
2042966
1486116
3693394
10571358
6521471
