26602392
26414020
26210487
25747921
26658429
10763902
1046265
25984204
26272073
26656779
11589032
24754316
1089243
2159042
4074636
6973970
11622283
26652086
26580056
1003000
2053249
26672590
3426869
1059419
2250587
1082406
3014576
26695285
1291809
5275059
26598945
6431994
26671435
25733470
26639133
25912734
26671076
3879301
25778837
1082518
1917972
25815309
1082138
25697520
1461903
26384985
26647621
25917140
26732962
25895442
1080370
25829434
2158189
3803820
3578470
21460732
26676261
25753361
6016234
26437079
24380577
1039752
5958726
4262685
1016300
4011440
23044177
1143694
26664122
6097966
4231381
26702537
1321017
26689720
4166819
26301984
3598313
4737329
6732193
26609056
6885341
1005521
26614368
20425053
26695289
1015452
3987362
1066462
1020459
26584371
2209098
3018339
4874131
26598482
10565151
26636282
26335687
26043287
26656018
4714734
1059406
26637849
6434543
1026425
3010133
26146992
4286204
26436743
6719658
26357479
2161892
1529893
3662001
25767862
26409799
20472730
26358169
25929667
25921293
2174013
1049219
5327697
2331434
5391766
26695296
25825717
3194071
5686369
1453210
1052990
6890671
23795254
26717712
4714018
26581845
25934616
2158194
25808222
26696581
25696089
26671299
25777982
3191328
3391246
2062200
26659614
6902639
6773643
10537640
1926700
21423655
26561444
5321895
25786283
1041616
26658076
25875828
26449387
26370164
26706748
1067293
1049189
3018322
3506871
21321839
3394338
11527101
7154675
26666471
4818929
3268399
25741244
26640265
2136140
26293455
10485696
20278327
26426662
25982794
25716611
25749879
25851002
6558709
2140496
26314932
26384723
4038164
1963310
20424609
6897140
4887524
26384746
26255776
24876477
2256438
3010130
6562136
6558705
1962929
1469051
24876497
26590273
2567919
26307520
1031740
7059662
25788697
26658038
26337889
26701966
26691122
1047138
1045247
2669319
2339950
1049477
1485224
25788727
3391245
4267149
4833920
1958227
10763905
1020670
1474773
20256917
24877320
26428516
26285939
2251691
10743137
1020959
26732446
3805861
25748787
25902450
10343062
6828611
26164866
6967919
26640094
24754720
26250094
1860757
4732378
7564736
26590271
1925232
20424614
4238754
25852441
2297786
3056892
1024217
6437880
