26647727
5275059
20425053
1026425
4886245
1049219
1453210
6902639
25786283
3394338
24876477
26359009
3860856
25798977
25850737
26177823
1009160
26599193
3009033
25931540
1034108
25933442
24883513
24754123
1914078
2133556
10549863
3279273
1063245
1007559
3279284
26276701
1733250
26284829
5290564
20502695
3279242
26288287
5292912
25934145
1440101
1871471
25910582
1078809
1822793
5918501
1046385
24851617
2032666
5363082
3279233
4244319
11528562
3666600
21318055
5355305
3770726
3279275
5355303
2295079
24749561
4054913
25896179
24749562
3196884
5355304
4906157
1914083
4912666
20281839
24719067
26161122
10539129
1017910
10199324
24522043
1067155
4733971
23160441
10539157
20516544
25937918
6795839
1033848
6904832
20281840
3810938
26161213
10531025
3176268
20452403
1484597
25941372
26161176
20452409
20382305
5394589
25979789
24697634
3279291
25941125
7067774
24697636
24722682
20281838
24703768
1690498
5035921
24703759
1034820
20269010
4733969
3279254
5986076
10539136
21329625
20382306
1882547
24736873
26148564
26024602
24752436
20452431
2304784
20452414
5341182
1044702
20281837
25939429
4179030
1618453
20452421
6893895
20255369
1043533
3026745
24722684
24746249
2009883
1799942
4278409
6784697
24697635
10539122
1336837
25744458
3102944
4861697
10756572
10433836
5385387
10493971
21361643
10530993
5401755
24722683
4919979
2293330
1027188
1341827
3030112
3288620
1220292
1292317
4861683
5254186
3026984
2632205
11635619
1288962
1100327
1291500
1464844
11590517
1072531
1645591
4861682
4934774
10539138
