1291204
26580056
26584734
24855915
26677405
10590165
19962936
3095037
26394095
25858095
26588107
25829051
1314765
1100783
6959725
3578471
3178741
1047719
1349683
26706407
5333599
1127432
26323411
2295324
25894807
26696600
26373145
1963786
1851058
25849701
25928734
4238217
23781718
24845006
1782675
1428307
24272636
25812901
24871971
2364215
5350790
26437818
5326123
1448761
1144865
3024391
26265839
6970882
26706164
25876641
1038703
6784965
5395157
4142964
6886415
26345628
24855168
26584842
1044203
1059690
24522649
25917406
6311580
1493350
25982113
4760770
1322264
26409450
6189764
10529737
1264455
5350834
1010587
25717499
2076086
5938219
26422836
1063414
11504666
25750940
3621252
21622634
1844629
1773585
26636433
26600976
1432875
20284263
3432785
10467105
1433659
10521316
1868786
1114471
3645098
1095832
25731757
3423381
4109177
7007774
3056620
26712908
26352505
5416134
5288521
25969351
1536776
4215454
2367265
4920489
4237819
25886627
4057097
4716209
26678752
25848410
1434480
26666877
4606351
4047917
25984621
2266339
25876391
25773535
1478448
19977119
2029857
10457355
21965538
20501208
25969883
25954581
25797852
1116305
2300643
1492685
2032347
26258437
26419652
4253524
26435812
1076234
26425227
25837032
4151253
26576469
1051314
1473307
1377574
10442281
1026309
11599398
1852948
1321743
26655675
2382323
5378531
25986613
26280230
1091323
25931584
25894782
24860392
1329552
25864837
4060765
26107110
26286755
1148261
4212274
26374978
10515226
1329697
3238550
21685339
26302333
26324835
1478099
25762729
25983830
25803500
1263942
10563468
26615812
1493169
3260750
25870328
1337171
10601616
26260758
26351142
3644791
1212025
1391532
2041666
26108253
4341808
5914557
1963618
2247444
3042990
25747192
25918031
1288733
17810320
26419655
26267257
20434282
10784838
21679532
25731390
20277785
3076736
3693102
1706376
2068734
1947611
1223765
1283232
10571762
10488490
1033034
25831800
2136232
26369279
1331571
6847502
1329696
1480866
10809708
25758648
26419609
2249275
1232499
25760217
11615474
1536796
1084976
25945289
1937192
1076137
1198520
10748702
5300275
2807917
10762714
3079279
26603395
3239321
3774799
6714443
1382848
24859742
5939558
1188789
11522902
7066210
1005381
7153481
20411623
2337477
5957920
2150650
4299485
10583428
3427973
3891385
25766383
1411139
19995754
11232762
25802943
7056881
6727862
24380170
3693104
1130234
3191351
10732691
3697498
7051745
1034479
1290610
1006161
26203891
26576026
1385266
25877062
4861135
5245585
1313463
21980314
3220317
5423589
19976775
1161357
1865723
1757759
3630528
3035731
4109184
1756342
1496108
24732976
1805127
1437446
25760446
3405852
6728871
25743455
24756487
26135927
1424373
25744655
4851920
3084243
25894808
1135826
1159929
25881988
1056801
10761240
4870527
2274038
2849435
2077187
1737239
2158245
6838057
26327259
1088897
26354651
1025105
4310911
2115026
1948788
1401013
1033392
1014623
3098548
26334681
4913076
10809730
25904547
1926195
1392561
1071433
2121748
1796853
1020207
10876106
1461160
1446301
3272901
3112784
3292160
11622141
1424693
1099267
6038363
1854780
5394464
2236125
10511216
25952576
1440188
10608237
1809991
7004460
1108149
2143957
6130631
20426612
2133516
1208741
1808333
1031289
2216550
26276009
24869530
1398360
1014250
6395948
5381304
1438056
4109181
1155613
1779374
1762848
26314560
2075531
1135035
1713009
5348119
1248315
1011858
1941440
2332338
1088220
19970684
1503074
1958417
1469342
1288417
5247958
7064464
4233750
2270333
1463195
6990277
4109183
1159503
1122587
25764226
4476560
1536797
2517464
25894791
1771654
25717529
25811061
2213558
5353291
1175627
3076739
21453394
1536733
1014867
1091124
1024814
1885777
25757791
1484655
1043632
25854947
1821170
26260326
1075651
1931611
25900773
1417141
1037101
6101070
1209182
26127798
1210299
1036909
1466097
1361149
1092163
6109913
4201174
20282667
4877229
25816583
1023080
1158304
26375961
3027458
26103899
6851071
1036679
1098233
1801678
1915972
2046973
2265482
25961491
3879559
21360366
4852891
26274045
1245500
2092807
1209594
4109147
4912669
1637070
3118074
2250340
