26389520
1346815
26690392
6387054
4780102
6731566
3227126
1336968
4906101
2070012
5940434
5269920
1344548
25373041
25843810
11537640
25789620
25810830
3449759
26411083
1758767
1475048
1780565
5252666
2258803
3854873
26411155
26415016
26253659
25712323
25728467
25857378
10810687
2040056
6814760
10511613
26684847
25920002
25836448
2071404
4200209
6126046
6852200
25947467
5031358
25930725
25810764
10766040
2003526
25920004
5920401
20493748
3251793
4067077
24752530
26268809
4087706
26616099
5399441
2053617
25732341
1892368
25804286
5063429
2992486
26282049
4783870
2355551
10458506
4144288
3146951
25728466
25780308
25789626
25716223
1348176
3986846
3746527
5355899
24750073
3680426
26352241
10608390
1783784
25842233
3274881
1418602
6530358
3701514
2349505
4899269
4782182
3172650
1346192
1346193
25853190
