6082808
26469245
25957852
1041007
1336330
21979017
1009257
1071241
1039487
1432596
1418058
2295163
1013129
5993314
25826936
1786670
1077492
1465007
20392525
26267087
1059406
20381804
2334065
25779593
6964050
1464203
1007952
1986291
1220219
1939182
3115476
1340758
10608468
10488620
25831096
20370889
6964047
26126183
24882304
3210843
25880067
2061444
1040104
1362693
2295912
26607921
4920037
10605859
4219125
1016911
3315824
1341752
4920036
11628196
25829274
25778124
1975797
2271450
1461898
1071794
26274434
25796128
25880072
25880068
25880088
25815081
6793756
20379254
10875954
1344161
25880074
2052257
1420794
26545120
1146176
1316623
25731663
2382707
25869080
2382709
2382711
25782292
25962533
1441326
3338175
1344160
3191257
24840349
1283275
1063401
1410145
3210683
1262837
3315827
20273030
2382710
6973805
1433726
1878819
2141646
1291201
3419241
1770668
10875952
1461652
25748802
3253866
1209078
1921362
10875960
2300010
24751077
1326828
6779988
25954325
1180108
25742768
4213990
1028779
1058759
20003448
2136038
4313949
3033094
2042638
1291197
2057291
1221329
1937228
1288939
1232186
1059112
1441327
25957853
1029475
1430871
1434038
1187112
1214898
22171973
10546893
3330173
24358147
1980686
3723866
1388776
1072334
26640819
26320157
3544200
3124525
3698543
10763425
5406471
1262039
1771920
6394238
2209901
6964051
1288972
3337017
25867880
24857335
1346936
20562025
1458981
1373706
4842735
20370372
7153409
26631832
20381805
1180102
2117552
10763426
1400049
26041706
3898484
10488616
3430938
3359946
24383253
7047308
3807481
1524272
4714530
2003209
1420740
1082182
2302798
26274437
7056952
2356855
6712400
1742707
1908603
1340702
2061650
1475705
2148947
25839365
1436958
3016791
10488617
25697249
1426674
4825807
1430684
10488618
1157980
1000353
1393887
1908361
1291202
3024276
24882286
1006646
6390601
4114025
3725128
4240702
7067986
1736652
1373608
1458377
2106932
1857022
11505944
1461653
6722885
10580816
4866984
1256220
20381803
2281184
26413654
2407931
3393172
2284916
25861674
1461660
26126545
2118752
6718318
3364853
25760119
1054380
1313156
10593454
1790986
26156642
2510295
1774750
1776856
2301970
2133276
2226171
1096714
2133270
3335787
20381801
5360394
20562068
1423193
3128800
6720614
1678877
6856772
2008724
7056972
1525072
5999202
1313159
1050866
1401840
2148363
1201945
20469397
7047309
4219728
1464421
2133273
2133544
2009191
1762096
4497893
2979197
3219393
4850427
1461655
2149618
24542486
3324038
25713221
11628197
1962224
10763427
1461661
1084341
6395810
