26686936
26710671
26710670
1449351
26700416
1449352
1088065
1398395
1442720
1449348
1915958
5905348
2046909
1000517
26285194
26387863
1157014
1203363
26721534
26418522
1474736
7175432
1262809
1961808
1830629
1044989
2134964
3128876
1008003
3263790
1228109
26285184
6869069
1974029
1045820
25783936
2980340
1052242
26697791
5914504
1028406
1968084
1558547
1960244
1820621
25898626
26642948
5399597
4323843
10563162
1961815
2066355
20501758
26584860
4209081
1125556
26359358
1790950
2046455
3725486
26355599
1491713
2046933
1830600
10481108
6559458
1829862
3848878
1830621
3279785
2025444
1559300
1258516
2221890
3091946
4279827
2969080
1013127
1165463
1974041
1974044
1313443
2016022
1843970
1961810
26586311
2025635
1076499
1110720
1075506
26598050
26435986
5363845
10802766
1903434
1824350
2225767
1970845
3233974
2033577
1009777
1974027
4152080
2218711
26715280
3260792
2183486
25838100
1823839
1880457
1750206
3559255
5309719
1042690
6558642
25816925
1161749
5939564
5922496
1773445
25778508
1957709
26425896
1468907
1823835
1974033
1830613
1477384
1028384
24704353
10563163
1015581
1450509
3320120
2046916
1084309
2046897
4201725
24845099
22231998
3175521
1974020
1974018
25778143
10602206
2025433
1974036
1018530
1023979
3880502
21263994
1548779
3292202
1105930
1157003
1974032
1480722
1022406
1322444
5331403
1253095
1927451
1444145
24870188
6129729
4025810
3132476
3260432
3437231
1974043
25756406
4710803
25905713
26608262
2046906
2058957
1052533
2010589
2025454
1446761
1468906
1491519
1188435
5990087
10511257
6872620
1018236
1275202
1078300
1048079
26308413
1928543
3444514
1981905
3276294
1083006
1268609
1070482
3427251
3880500
25711101
1001605
3626832
1081064
26279110
2157229
3797418
1314829
1974025
5038498
4038426
1974023
1988664
1968105
3132497
4186640
1479688
1223784
1079363
10745339
4032983
2082450
1851670
1031173
26296624
1072673
1388212
1974037
6963698
1968849
4730667
1064810
3633627
26608256
1001125
11498230
6885585
25756398
6813629
1056324
4823708
25778509
6426231
21994019
1422839
1491509
6394806
3919423
1105802
26608260
1491083
3797315
5938995
1853531
3097776
1988514
3427210
5350270
1075928
20486992
1637278
3068386
5407836
2051794
3120032
1002766
1883399
2352521
1188351
1275370
6114461
4817718
26268720
2057796
25887047
3094985
4735026
2272087
4713631
1289827
5972015
1320226
1062765
1059535
10532827
1075717
10541766
1845180
1556287
2014941
2218428
1156692
2039889
1007760
1870606
4254834
2283768
6968553
24749045
25778507
3086014
4165742
3535149
4864788
4707391
1044994
1961809
2046926
1934998
1597325
6538076
6100944
1088796
1156693
1002055
1209196
6116772
6015603
1597329
1040075
1071850
3208531
1974042
4800805
6070384
26296614
1029469
10770768
26608249
3198469
6954088
1562059
3880501
5355999
5976880
1905382
1014905
1968911
24523617
10452113
1070662
1185856
1046658
1727906
1134915
25778503
3351322
1363162
3654222
1543525
20562899
1060856
1105195
3349417
25778500
1040475
1209339
1834194
1097897
1326015
25718512
1488386
2028095
1018732
2134782
1393997
2339902
5348277
1974031
1970588
1431568
6024371
25778492
2235853
25778501
25745773
5321455
2209727
1272099
2230804
1051360
1216329
26318810
2285432
22685924
1216088
5315174
2195145
1953631
5980452
19994998
1393371
1826687
20499626
26297977
21339122
1220842
5384659
25986315
2230835
3685526
2015761
2250248
6758677
11534362
6808344
1974038
25768713
2180708
25803258
4271519
3116013
3536295
3149407
2045585
4864787
4170027
6439000
1834193
10809876
1973632
1727264
1087467
5243496
1008941
1790957
1100152
24870189
3402863
1317152
21347774
2362609
5396826
3194219
2128645
26418363
3919420
24752744
3561195
1597326
10432233
1556108
1409152
6727767
3181105
1043555
3701106
1078108
6512323
1441096
10732767
4264640
1545833
26041825
25750778
3799941
1067154
1022501
1923653
6539237
20473528
1802012
1114067
25813206
2176026
2981523
2161187
4703491
1974035
2046903
3613789
1213321
4867100
1227850
3222485
1433072
4722164
1394483
6998481
26416424
6530049
3719333
1737440
1119623
1660294
4836516
1024926
3512011
1005443
1937117
1780333
26107552
1039423
1491515
3190815
1659064
24752729
24379746
1974040
24719012
2058956
4274390
3895118
4705239
25855940
21266893
25778499
1870612
1068732
1032083
